1270
8
566014135
1747606178
 0 1 1 73 131  19 (D 0,1,1) (S 51,20,30) (S 102,30,34) (S 34,34,34) (S 58,34,30) (S 52,30,26) (S 70,34,33) (S 23,33,33) (S 64,33,40) (S 26,40,40) (S 80,40,47) (S 29,47,47) (S 112,47,40) (S 121,40,34) (S 39,40,41) (S 10,41,41) (S 35,41,48) (S 37,33,29) (D 0,1,1)
 0 1 2 85 129  18 (D 0,1,1) (S 87,14,15) (S 12,15,15) (S 57,15,23) (S 109,15,16) (S 114,16,15) (S 94,15,9) (S 2,8,8) (S 71,8,9) (S 24,9,9) (S 22,2,2) (S 98,2,7) (S 74,7,2) (S 19,7,7) (S 78,7,8) (S 73,8,7) (S 115,2,1) (D 0,1,1)
 0 1 3 81 135  15 (D 0,1,1) (S 81,5,18) (S 59,18,26) (S 31,26,26) (S 105,29,18) (S 90,18,19) (S 30,5,5) (S 86,5,11) (S 33,11,11) (S 54,11,12) (S 46,20,21) (S 108,21,13) (S 76,13,14) (S 61,14,13) (D 0,1,1)
 0 1 4 82 164  16 (D 0,1,1) (S 75,31,32) (S 4,32,32) (S 42,32,28) (S 79,28,38) (S 56,45,43) (S 120,45,50) (S 88,50,45) (S 21,43,43) (S 96,43,38) (S 45,43,50) (S 69,50,44) (S 9,36,36) (S 95,36,27) (S 55,27,31) (D 0,1,1)
 0 1 5 82 153  14 (D 0,1,1) (S 41,14,22) (S 107,23,24) (S 13,24,24) (S 66,24,23) (S 48,23,31) (S 106,31,37) (S 18,37,37) (S 5,31,31) (S 38,16,17) (S 82,17,25) (S 111,24,25) (S 1,25,25) (D 0,1,1)
 0 1 6 97 174  18 (D 0,1,1) (S 50,29,39) (S 47,39,33) (S 60,46,47) (S 36,34,35) (S 118,35,27) (S 7,27,27) (S 43,11,19) (S 110,19,26) (S 91,26,19) (S 3,18,18) (S 85,20,19) (S 93,19,20) (S 104,12,13) (S 11,13,13) (S 99,13,12) (S 113,13,6) (D 0,1,1)
 0 1 7 96 192  18 (D 0,1,1) (S 103,41,42) (S 67,42,41) (S 27,48,48) (S 32,49,49) (S 68,49,44) (S 119,44,42) (S 84,42,44) (S 16,44,44) (S 92,49,41) (S 53,35,36) (S 83,36,37) (S 100,37,38) (S 15,38,38) (S 117,38,43) (S 65,43,37) (S 101,38,28) (D 0,1,1)
 0 1 8 108 192  20 (D 0,1,1) (S 97,12,20) (S 28,20,20) (S 8,21,21) (S 77,21,22) (S 25,22,22) (S 44,22,23) (S 62,16,24) (S 116,24,16) (S 63,16,9) (S 6,3,3) (S 72,10,4) (S 17,4,4) (S 20,10,10) (S 49,10,9) (S 14,6,6) (S 40,6,1) (S 89,1,5) (S 122,5,1) (D 0,1,1)
