665
7
108480250
1747606714
 0 1 1 5 72  7 (D 0,1,1) (S 19,1,2) (S 7,2,2) (S 15,2,9) (S 18,2,4) (S 3,4,4) (D 0,1,1)
 0 1 2 4 75  6 (D 0,1,1) (S 20,1,7) (S 6,7,7) (S 22,7,6) (S 8,7,12) (D 0,1,1)
 0 1 3 4 94  6 (D 0,1,1) (S 10,2,3) (S 28,5,3) (S 1,3,3) (S 9,5,6) (D 0,1,1)
 0 1 4 2 87  4 (D 0,1,1) (S 21,1,10) (S 11,10,9) (D 0,1,1)
 0 1 5 5 105  7 (D 0,1,1) (S 26,1,12) (S 5,12,12) (S 27,12,6) (S 13,12,5) (S 24,3,4) (D 0,1,1)
 0 1 6 5 116  7 (D 0,1,1) (S 17,7,8) (S 23,8,10) (S 2,10,10) (S 12,10,11) (S 14,11,5) (D 0,1,1)
 0 1 7 4 116  6 (D 0,1,1) (S 29,1,4) (S 25,9,11) (S 4,11,11) (S 16,11,8) (D 0,1,1)
