212
6
26626744
1747605735
 0 1 1 9 25  6 (D 0,1,1) (S 13,1,8) (S 15,4,7) (S 14,1,5) (S 24,5,7) (D 0,1,1)
 0 1 2 18 30  8 (D 0,1,1) (S 20,1,3) (S 19,3,8) (S 2,4,4) (S 10,4,1) (S 22,1,7) (S 9,7,8) (D 0,1,1)
 0 1 3 24 38  5 (D 0,1,1) (S 3,6,6) (S 4,2,2) (S 18,2,7) (D 0,1,1)
 0 1 4 24 36  5 (D 0,1,1) (S 8,1,2) (S 11,2,5) (S 1,3,3) (D 0,1,1)
 0 1 5 21 39  6 (D 0,1,1) (S 25,3,5) (S 5,5,5) (S 23,3,6) (S 17,2,8) (D 0,1,1)
 0 1 6 20 44  7 (D 0,1,1) (S 21,4,5) (S 7,5,8) (S 16,4,6) (S 12,2,6) (S 6,6,8) (D 0,1,1)
