201
7
46055919
1747605742
 0 1 1 16 18  3 (D 0,1,1) (S 1,3,3) (D 0,1,1)
 0 1 2 17 25  3 (D 0,1,1) (S 4,5,5) (D 0,1,1)
 0 1 3 12 25  4 (D 0,1,1) (S 15,3,6) (S 17,6,7) (D 0,1,1)
 0 1 4 13 23  5 (D 0,1,1) (S 21,3,5) (S 18,5,7) (S 20,7,8) (D 0,1,1)
 0 1 5 14 27  5 (D 0,1,1) (S 7,1,2) (S 11,2,6) (S 14,2,8) (D 0,1,1)
 0 1 6 21 41  7 (D 0,1,1) (S 2,6,6) (S 13,4,6) (S 19,2,4) (S 12,4,7) (S 9,7,1) (D 0,1,1)
 0 1 7 23 42  9 (D 0,1,1) (S 6,1,8) (S 16,1,3) (S 22,1,4) (S 5,4,4) (S 8,4,8) (S 3,2,2) (S 10,2,5) (D 0,1,1)
