1305
6
209032146
1747606229
 0 1 1 86 153  13 (D 0,1,1) (S 9,12,12) (S 15,13,13) (S 68,13,12) (S 29,12,19) (S 42,19,18) (S 58,18,29) (S 12,29,29) (S 47,6,12) (S 75,12,6) (S 17,6,6) (S 60,6,1) (D 0,1,1)
 0 1 2 75 183  14 (D 0,1,1) (S 72,25,30) (S 3,30,30) (S 71,30,31) (S 63,31,30) (S 36,31,32) (S 62,14,20) (S 16,20,20) (S 59,20,21) (S 13,21,21) (S 80,23,24) (S 46,24,23) (S 35,22,15) (D 0,1,1)
 0 1 3 108 200  16 (D 0,1,1) (S 44,3,4) (S 7,4,4) (S 22,4,10) (S 19,16,16) (S 64,17,11) (S 1,11,11) (S 27,11,10) (S 41,3,9) (S 8,9,9) (S 23,9,8) (S 30,8,14) (S 49,14,15) (S 74,15,14) (S 34,8,2) (D 0,1,1)
 0 1 4 109 214  15 (D 0,1,1) (S 4,2,2) (S 66,9,3) (S 54,3,2) (S 26,3,10) (S 50,10,16) (S 40,16,15) (S 6,15,15) (S 82,13,2) (S 79,2,13) (S 31,13,19) (S 32,19,13) (S 38,13,7) (S 5,7,7) (D 0,1,1)
 0 1 5 111 255  16 (D 0,1,1) (S 28,6,18) (S 78,18,19) (S 43,19,20) (S 61,20,19) (S 51,26,27) (S 10,27,27) (S 65,27,32) (S 14,32,32) (S 48,19,25) (S 56,25,29) (S 39,31,26) (S 70,26,25) (S 81,25,26) (S 25,26,20) (D 0,1,1)
 0 1 6 125 300  20 (D 0,1,1) (S 33,4,11) (S 45,11,4) (S 67,4,5) (S 76,5,11) (S 53,16,23) (S 69,23,28) (S 2,28,28) (S 73,28,23) (S 21,23,22) (S 77,22,21) (S 57,17,24) (S 18,24,24) (S 24,24,34) (S 55,22,28) (S 52,34,33) (S 11,33,33) (S 20,33,28) (S 37,33,32) (D 0,1,1)
