1355
7
359448576
1747606032
 0 1 1 72 158  13 (D 0,1,1) (S 41,25,31) (S 4,31,31) (S 45,31,32) (S 5,32,32) (S 88,27,33) (S 27,33,33) (S 44,33,37) (S 91,37,33) (S 35,27,28) (S 1,22,22) (S 30,22,21) (D 0,1,1)
 0 1 2 67 176  11 (D 0,1,1) (S 62,35,36) (S 77,39,36) (S 22,36,36) (S 32,39,38) (S 63,38,34) (S 75,34,38) (S 25,34,34) (S 67,34,35) (S 2,35,35) (D 0,1,1)
 0 1 3 74 196  10 (D 0,1,1) (S 38,30,31) (S 29,35,39) (S 46,39,40) (S 21,40,40) (S 73,32,36) (S 64,36,40) (S 34,41,37) (S 10,37,37) (D 0,1,1)
 0 1 4 100 187  20 (D 0,1,1) (S 76,11,12) (S 66,12,11) (S 86,11,16) (S 14,16,16) (S 81,16,19) (S 97,19,16) (S 36,16,17) (S 85,17,20) (S 19,20,20) (S 95,20,19) (S 74,19,20) (S 98,20,17) (S 17,17,17) (S 16,18,18) (S 37,20,27) (S 6,27,27) (S 40,27,21) (S 42,21,20) (D 0,1,1)
 0 1 5 97 177  20 (D 0,1,1) (S 79,1,2) (S 12,2,2) (S 71,2,1) (S 9,3,3) (S 26,4,4) (S 82,4,10) (S 51,10,9) (S 3,7,7) (S 60,8,9) (S 70,9,3) (S 72,9,14) (S 7,14,14) (S 58,14,23) (S 15,23,23) (S 61,23,13) (S 92,13,23) (S 31,23,24) (S 65,24,14) (D 0,1,1)
 0 1 6 102 229  17 (D 0,1,1) (S 39,2,8) (S 43,9,10) (S 8,10,10) (S 59,10,11) (S 50,11,10) (S 89,12,6) (S 23,6,6) (S 53,6,12) (S 78,19,26) (S 11,26,26) (S 84,26,32) (S 68,32,31) (S 69,30,24) (S 55,25,26) (S 90,26,25) (D 0,1,1)
 0 1 7 115 232  21 (D 0,1,1) (S 47,7,13) (S 24,13,13) (S 94,13,14) (S 83,14,24) (S 20,24,24) (S 52,24,25) (S 18,25,25) (S 48,25,15) (S 96,16,11) (S 33,11,5) (S 28,5,4) (S 57,10,15) (S 49,15,10) (S 56,15,14) (S 80,14,15) (S 87,30,29) (S 13,29,29) (S 54,29,23) (S 93,23,29) (D 0,1,1)
