14146
7
135960237
1747958483
 0 1 1 1704 1151  5 (D 0,1,1) (S 18,4,9) (S 12,9,15) (S 29,18,14) (D 0,1,1)
 0 1 2 992 1328  6 (D 0,1,1) (S 42,2,6) (S 38,11,16) (S 9,16,21) (S 41,20,10) (D 0,1,1)
 0 1 3 1638 1462  6 (D 0,1,1) (S 14,6,12) (S 2,16,16) (S 6,10,10) (S 34,10,1) (D 0,1,1)
 0 1 4 1933 2160  8 (D 0,1,1) (S 10,2,7) (S 7,7,7) (S 30,7,6) (S 17,22,21) (S 16,21,20) (S 33,16,10) (D 0,1,1)
 0 1 5 1474 1172  6 (D 0,1,1) (S 21,3,4) (S 5,4,4) (S 40,4,5) (S 1,5,5) (D 0,1,1)
 0 1 6 1791 2258  7 (D 0,1,1) (S 20,12,22) (S 8,22,23) (S 15,17,18) (S 4,19,19) (S 22,19,15) (D 0,1,1)
 0 1 7 1784 2000  7 (D 0,1,1) (S 26,12,13) (S 3,18,18) (S 37,25,24) (S 35,23,17) (S 25,17,13) (D 0,1,1)
