1153
6
845028659
1747605923
 0 1 1 88 158  15 (D 0,1,1) (S 55,31,39) (S 3,39,39) (S 110,39,40) (S 16,40,40) (S 44,40,32) (S 41,40,47) (S 26,47,39) (S 91,29,28) (S 23,27,26) (S 17,26,26) (S 67,20,25) (S 14,25,25) (S 70,13,8) (D 0,1,1)
 0 1 2 90 166  18 (D 0,1,1) (S 64,24,29) (S 5,29,29) (S 73,29,30) (S 63,30,29) (S 95,30,38) (S 99,38,36) (S 90,36,38) (S 40,38,39) (S 101,36,44) (S 72,43,35) (S 29,28,36) (S 32,36,35) (S 18,35,35) (S 107,35,34) (S 80,33,41) (S 58,41,33) (D 0,1,1)
 0 1 3 103 176  21 (D 0,1,1) (S 100,9,8) (S 74,8,9) (S 31,14,15) (S 10,15,15) (S 25,14,22) (S 61,22,23) (S 35,23,15) (S 43,15,24) (S 1,24,24) (S 9,23,23) (S 79,15,1) (S 71,1,15) (S 109,1,16) (S 60,16,1) (S 46,16,17) (S 15,18,18) (S 2,11,11) (S 42,11,10) (S 28,10,5) (D 0,1,1)
 0 1 4 105 203  16 (D 0,1,1) (S 27,38,46) (S 48,46,50) (S 82,50,45) (S 7,45,45) (S 24,45,46) (S 56,50,49) (S 12,49,49) (S 86,38,37) (S 36,37,44) (S 39,44,43) (S 54,43,48) (S 65,45,49) (S 11,48,48) (S 57,45,44) (D 0,1,1)
 0 1 5 128 208  20 (D 0,1,1) (S 13,17,17) (S 103,17,30) (S 93,30,17) (S 37,19,32) (S 33,32,31) (S 89,31,17) (S 51,17,10) (S 108,17,18) (S 87,18,19) (S 52,19,12) (S 34,12,7) (S 85,7,4) (S 76,4,7) (S 53,12,11) (S 49,11,6) (S 21,6,6) (S 38,6,3) (S 45,3,4) (D 0,1,1)
 0 1 6 140 242  34 (D 0,1,1) (S 92,22,28) (S 96,28,27) (S 88,27,28) (S 111,28,22) (S 105,22,21) (S 66,21,13) (S 94,13,21) (S 20,21,21) (S 84,21,20) (S 68,20,21) (S 69,13,22) (S 78,22,13) (S 97,21,26) (S 98,26,25) (S 102,33,34) (S 22,34,34) (S 50,34,42) (S 19,42,42) (S 30,42,41) (S 8,9,9) (S 47,14,23) (S 106,23,24) (S 59,24,23) (S 75,23,22) (S 62,13,9) (S 6,10,10) (S 4,2,2) (S 104,2,3) (S 81,3,2) (S 77,5,6) (S 112,6,5) (S 83,5,1) (D 0,1,1)
