274
7
838731077
1747605742
 0 1 1 19 25  5 (D 0,1,1) (S 16,1,2) (S 5,3,3) (S 25,3,11) (D 0,1,1)
 0 1 2 19 28  7 (D 0,1,1) (S 21,1,7) (S 24,7,8) (S 2,8,8) (S 11,8,10) (S 7,10,10) (D 0,1,1)
 0 1 3 24 38  5 (D 0,1,1) (S 10,2,4) (S 4,4,4) (S 28,4,9) (D 0,1,1)
 0 1 4 20 39  7 (D 0,1,1) (S 12,2,5) (S 3,5,5) (S 8,5,7) (S 1,7,7) (S 19,7,9) (D 0,1,1)
 0 1 5 23 35  4 (D 0,1,1) (S 20,3,5) (S 6,2,2) (D 0,1,1)
 0 1 6 22 46  7 (D 0,1,1) (S 18,2,9) (S 13,9,10) (S 26,2,6) (S 22,6,11) (S 17,1,11) (D 0,1,1)
 0 1 7 27 63  7 (D 0,1,1) (S 14,1,6) (S 27,6,9) (S 15,6,10) (S 9,1,9) (S 23,6,7) (D 0,1,1)
