59422
8
776134740
1747620373
 0 1 1 2201 5018  31 (D 0,1,1) (S 467,325,97) (S 135,97,97) (S 151,169,169) (S 18,12,12) (S 53,187,187) (S 154,166,166) (S 124,42,42) (S 83,171,171) (S 312,171,231) (S 381,187,423) (S 221,326,97) (S 333,42,429) (S 290,429,276) (S 465,276,42) (S 284,207,53) (S 300,176,289) (S 322,60,206) (S 278,218,219) (S 391,255,256) (S 42,132,132) (S 181,183,183) (S 241,183,364) (S 471,319,340) (S 224,319,184) (S 170,184,184) (S 296,184,364) (S 365,319,298) (S 446,298,412) (S 305,298,297) (D 0,1,1)
 0 1 2 2046 5835  54 (D 0,1,1) (S 386,192,71) (S 451,349,80) (S 448,389,390) (S 207,390,405) (S 314,376,375) (S 337,309,179) (S 158,179,179) (S 192,52,52) (S 133,134,134) (S 8,82,82) (S 125,125,125) (S 450,310,141) (S 13,141,141) (S 81,72,72) (S 426,72,84) (S 64,84,84) (S 100,47,47) (S 46,46,46) (S 374,310,225) (S 80,200,200) (S 244,476,102) (S 185,71,71) (S 98,15,15) (S 187,92,92) (S 102,102,102) (S 455,228,10) (S 39,10,10) (S 65,9,9) (S 66,95,95) (S 33,40,40) (S 463,453,454) (S 107,96,96) (S 253,346,347) (S 401,441,96) (S 209,96,329) (S 456,329,299) (S 352,483,341) (S 110,191,191) (S 74,87,87) (S 93,145,145) (S 56,149,149) (S 9,129,129) (S 172,130,130) (S 115,115,115) (S 408,341,342) (S 316,149,160) (S 57,160,160) (S 442,243,463) (S 394,23,301) (S 287,23,243) (S 19,23,23) (S 318,302,303) (D 0,1,1)
 0 1 3 2689 6397  52 (D 0,1,1) (S 230,174,370) (S 255,371,174) (S 44,174,174) (S 414,174,295) (S 313,295,370) (S 334,85,108) (S 43,108,108) (S 7,85,85) (S 407,108,45) (S 121,45,45) (S 475,362,361) (S 239,45,277) (S 323,449,448) (S 460,68,413) (S 150,56,56) (S 251,56,286) (S 327,286,68) (S 194,68,68) (S 69,161,161) (S 40,131,131) (S 199,167,167) (S 23,165,165) (S 143,164,164) (S 286,432,433) (S 421,388,387) (S 20,91,91) (S 182,194,194) (S 368,435,436) (S 422,369,258) (S 308,258,196) (S 273,196,404) (S 428,336,209) (S 214,367,255) (S 95,176,176) (S 206,467,466) (S 155,180,180) (S 356,207,206) (S 243,206,218) (S 218,218,257) (S 116,64,64) (S 89,151,151) (S 15,153,153) (S 220,153,64) (S 293,369,196) (S 261,420,291) (S 283,291,292) (S 105,196,196) (S 272,257,330) (S 274,219,257) (S 268,425,426) (D 0,1,1)
 0 1 4 2609 7260  61 (D 0,1,1) (S 364,247,248) (S 113,118,118) (S 324,246,247) (S 349,273,272) (S 317,251,94) (S 139,94,94) (S 294,250,251) (S 279,272,274) (S 233,244,245) (S 441,282,281) (S 262,267,245) (S 259,245,273) (S 438,245,268) (S 377,268,446) (S 461,268,251) (S 432,94,178) (S 447,434,5) (S 416,4,205) (S 458,205,262) (S 34,119,119) (S 235,119,4) (S 16,4,4) (S 156,5,5) (S 162,76,76) (S 132,137,137) (S 350,320,76) (S 383,305,306) (S 420,406,278) (S 276,278,50) (S 5,50,50) (S 309,278,279) (S 331,211,212) (S 405,278,254) (S 227,254,172) (S 299,172,210) (S 86,172,172) (S 277,279,380) (S 396,380,406) (S 328,75,92) (S 240,350,351) (S 302,235,226) (S 359,226,307) (S 357,307,308) (S 346,224,226) (S 166,192,192) (S 406,98,410) (S 289,80,70) (S 55,70,70) (S 120,80,80) (S 62,98,98) (S 423,70,314) (S 282,314,389) (S 292,445,63) (S 280,316,75) (S 14,63,63) (S 79,75,75) (S 390,457,316) (S 52,148,148) (S 78,57,57) (D 0,1,1)
 0 1 5 2564 7224  38 (D 0,1,1) (S 431,253,252) (S 362,312,311) (S 210,422,421) (S 415,221,220) (S 395,394,393) (S 332,459,458) (S 229,223,222) (S 348,385,386) (S 72,21,21) (S 379,439,440) (S 336,418,419) (S 99,124,124) (S 203,116,116) (S 326,339,329) (S 338,345,197) (S 145,197,197) (S 223,197,96) (S 434,348,346) (S 303,183,285) (S 298,285,55) (S 71,55,55) (S 232,55,297) (S 457,297,378) (S 325,255,285) (S 31,53,53) (S 77,60,60) (S 329,60,219) (S 469,55,184) (S 459,364,190) (S 17,190,190) (S 335,190,217) (S 340,478,313) (S 234,313,256) (S 307,313,367) (S 387,367,209) (S 393,209,208) (D 0,1,1)
 0 1 6 3076 7828  87 (D 0,1,1) (S 265,344,343) (S 90,181,181) (S 245,2,1) (S 167,1,1) (S 222,1,204) (S 453,489,488) (S 474,488,451) (S 343,451,450) (S 275,451,3) (S 51,3,3) (S 45,2,2) (S 237,477,465) (S 410,465,427) (S 250,427,428) (S 76,193,193) (S 169,77,77) (S 384,321,322) (S 216,185,468) (S 341,480,339) (S 178,79,79) (S 36,105,105) (S 179,90,90) (S 435,105,468) (S 41,185,185) (S 111,158,158) (S 12,86,86) (S 6,61,61) (S 186,198,198) (S 88,173,173) (S 354,401,89) (S 129,88,88) (S 48,89,89) (S 30,122,122) (S 21,123,123) (S 146,24,24) (S 454,24,293) (S 28,159,159) (S 462,159,110) (S 188,110,110) (S 388,110,398) (S 351,110,195) (S 183,195,195) (S 211,384,44) (S 1,44,44) (S 226,44,372) (S 466,287,288) (S 225,337,16) (S 112,107,107) (S 63,16,16) (S 470,16,6) (S 118,109,109) (S 367,396,397) (S 439,177,6) (S 50,6,6) (S 165,177,177) (S 411,177,67) (S 254,284,73) (S 82,73,73) (S 138,83,83) (S 269,456,455) (S 304,455,475) (S 247,403,402) (S 161,189,189) (S 389,491,490) (S 397,203,202) (S 109,202,202) (S 122,121,121) (S 205,486,487) (S 85,203,203) (S 444,120,121) (S 168,22,22) (S 200,120,120) (S 3,199,199) (S 288,22,230) (S 197,112,112) (S 59,43,43) (S 321,230,290) (S 380,409,240) (S 117,100,100) (S 256,100,377) (S 402,431,133) (S 141,32,32) (S 174,27,27) (S 49,133,133) (S 228,150,62) (D 0,1,1)
 0 1 7 3195 9279  45 (D 0,1,1) (S 375,462,148) (S 399,227,10) (S 358,424,309) (S 10,140,140) (S 127,81,81) (S 372,373,374) (S 311,476,225) (S 231,225,224) (S 297,323,235) (S 363,291,433) (S 242,296,36) (S 101,36,36) (S 392,36,249) (S 295,249,208) (S 281,208,338) (S 217,347,464) (S 260,264,263) (S 464,328,327) (S 398,300,299) (S 248,123,215) (S 252,215,216) (S 382,304,67) (S 404,284,283) (S 148,168,168) (S 38,67,67) (S 37,127,127) (S 437,265,266) (S 285,337,177) (S 436,397,416) (S 443,353,352) (S 452,395,188) (S 263,188,485) (S 184,188,188) (S 330,368,353) (S 306,479,461) (S 361,461,460) (S 427,356,357) (S 378,354,355) (S 208,408,407) (S 123,66,66) (S 176,35,35) (S 87,143,143) (S 75,163,163) (D 0,1,1)
 0 1 8 3796 10581  125 (D 0,1,1) (S 219,334,333) (S 476,237,236) (S 419,324,76) (S 385,399,400) (S 345,234,25) (S 27,25,25) (S 249,233,232) (S 339,214,213) (S 212,382,381) (S 171,144,144) (S 412,294,59) (S 424,392,111) (S 4,74,74) (S 73,111,111) (S 430,74,315) (S 24,39,39) (S 177,38,38) (S 403,391,392) (S 35,37,37) (S 91,11,11) (S 315,438,437) (S 213,101,379) (S 195,31,31) (S 131,175,175) (S 92,101,101) (S 152,104,104) (S 144,154,154) (S 94,13,13) (S 119,14,14) (S 477,232,383) (S 54,59,59) (S 413,214,128) (S 84,128,128) (S 366,305,411) (S 198,54,54) (S 147,103,103) (S 160,178,178) (S 258,306,29) (S 106,51,51) (S 376,51,280) (S 2,18,18) (S 201,182,182) (S 60,19,19) (S 25,48,48) (S 61,30,30) (S 271,30,29) (S 32,29,29) (S 97,135,135) (S 96,142,142) (S 417,447,415) (S 270,415,414) (S 344,484,358) (S 418,358,106) (S 68,106,106) (S 236,106,332) (S 291,332,186) (S 108,186,186) (S 301,332,26) (S 126,26,26) (S 429,259,260) (S 353,260,269) (S 310,260,358) (S 173,65,65) (S 196,33,33) (S 193,162,162) (S 164,139,139) (S 130,147,147) (S 104,157,157) (S 149,34,34) (S 189,41,41) (S 190,17,17) (S 159,113,113) (S 238,275,41) (S 320,229,20) (S 11,20,20) (S 409,20,261) (S 468,20,34) (S 134,7,7) (S 473,7,93) (S 175,93,93) (S 136,62,62) (S 370,271,270) (S 204,452,62) (S 433,442,430) (S 355,430,360) (S 103,150,150) (S 472,360,359) (S 360,443,444) (S 342,241,240) (S 440,240,242) (S 369,492,155) (S 153,155,155) (S 58,146,146) (S 180,156,156) (S 142,8,8) (S 114,49,49) (S 445,469,470) (S 449,471,472) (S 70,201,201) (S 163,117,117) (S 215,481,482) (S 157,126,126) (S 128,136,136) (S 26,114,114) (S 67,58,58) (S 29,170,170) (S 266,365,366) (S 257,366,417) (S 347,239,28) (S 140,138,138) (S 191,28,28) (S 264,28,238) (S 137,152,152) (S 319,473,474) (S 373,238,318) (S 425,318,317) (S 202,69,69) (S 22,99,99) (S 267,331,288) (S 246,363,331) (S 371,331,78) (S 47,78,78) (S 400,78,335) (D 0,1,1)
