1295
6
240085196
1747606340
 0 1 1 101 162  16 (D 0,1,1) (S 46,20,30) (S 29,26,26) (S 53,26,29) (S 18,29,29) (S 15,18,18) (S 91,27,36) (S 35,36,42) (S 77,42,44) (S 111,44,42) (S 58,42,41) (S 34,41,48) (S 31,48,48) (S 23,41,41) (S 73,41,35) (D 0,1,1)
 0 1 2 91 188  14 (D 0,1,1) (S 37,34,35) (S 110,35,27) (S 50,27,31) (S 5,38,38) (S 88,43,38) (S 95,38,28) (S 113,45,50) (S 24,50,50) (S 42,50,43) (S 4,43,43) (S 51,45,38) (S 108,38,32) (D 0,1,1)
 0 1 3 102 189  18 (D 0,1,1) (S 38,16,17) (S 76,17,25) (S 103,24,25) (S 1,25,25) (S 47,32,24) (S 20,16,16) (S 3,24,24) (S 60,24,23) (S 7,31,31) (S 99,31,37) (S 2,37,37) (S 69,31,32) (S 6,32,32) (S 40,32,28) (S 72,28,38) (S 61,43,37) (D 0,1,1)
 0 1 4 126 232  27 (D 0,1,1) (S 70,21,22) (S 41,22,23) (S 10,23,23) (S 96,22,21) (S 97,21,27) (S 11,27,27) (S 68,27,35) (S 48,35,36) (S 22,36,36) (S 87,36,27) (S 102,19,26) (S 27,30,30) (S 33,34,34) (S 55,34,30) (S 65,34,33) (S 100,33,34) (S 17,40,40) (S 71,40,47) (S 32,47,47) (S 104,47,40) (S 114,40,34) (S 74,5,18) (S 56,18,26) (S 90,11,5) (S 75,5,6) (D 0,1,1)
 0 1 5 148 252  27 (D 0,1,1) (S 82,20,19) (S 85,19,20) (S 43,20,21) (S 98,21,13) (S 26,14,14) (S 81,14,15) (S 14,15,15) (S 101,15,14) (S 106,3,4) (S 94,4,10) (S 66,10,4) (S 54,10,17) (S 86,15,9) (S 12,9,9) (S 80,9,16) (S 59,16,9) (S 36,9,3) (S 9,2,2) (S 21,8,8) (S 67,8,9) (S 78,9,8) (S 64,7,2) (S 89,2,7) (S 19,7,7) (S 79,7,6) (D 0,1,1)
 0 1 6 136 272  24 (D 0,1,1) (S 83,1,5) (S 8,5,5) (S 25,11,11) (S 52,11,12) (S 63,1,2) (S 105,2,1) (S 39,1,6) (S 93,13,12) (S 16,12,12) (S 49,12,6) (S 92,20,12) (S 30,13,13) (S 109,13,6) (S 13,6,6) (S 45,29,39) (S 44,39,33) (S 28,33,33) (S 57,46,47) (S 112,49,50) (S 107,44,49) (S 62,49,44) (S 84,49,41) (D 0,1,1)
