8485
7
110222678
1747958465
 0 1 1 302 1317  7 (D 0,1,1) (S 30,56,55) (S 5,36,36) (S 60,34,32) (S 58,32,31) (S 34,31,23) (D 0,1,1)
 0 1 2 291 1063  15 (D 0,1,1) (S 70,59,44) (S 19,51,51) (S 17,21,21) (S 16,24,24) (S 12,26,26) (S 1,27,27) (S 40,75,22) (S 48,22,21) (S 28,51,49) (S 55,49,47) (S 25,48,47) (S 51,47,46) (S 66,46,44) (D 0,1,1)
 0 1 3 302 1149  10 (D 0,1,1) (S 62,59,58) (S 71,58,57) (S 65,57,42) (S 20,41,41) (S 67,41,35) (S 3,67,67) (S 35,61,60) (S 9,60,60) (D 0,1,1)
 0 1 4 278 947  5 (D 0,1,1) (S 33,69,58) (S 32,65,63) (S 21,63,62) (D 0,1,1)
 0 1 5 291 1085  11 (D 0,1,1) (S 11,12,12) (S 8,18,18) (S 2,73,73) (S 6,52,52) (S 53,54,52) (S 49,51,21) (S 57,45,44) (S 18,69,69) (S 37,69,4) (D 0,1,1)
 0 1 6 302 1191  14 (D 0,1,1) (S 10,76,76) (S 22,76,20) (S 41,20,19) (S 46,19,18) (S 36,18,15) (S 61,17,15) (S 39,14,13) (S 4,13,13) (S 14,16,16) (S 29,16,12) (S 50,4,2) (S 27,2,1) (D 0,1,1)
 0 1 7 268 533  5 (D 0,1,1) (S 13,5,5) (S 7,6,6) (S 15,3,3) (D 0,1,1)
