529
6
252759630
1747958283
 0 1 1 27 74  6 (D 0,1,1) (S 20,6,5) (S 5,7,7) (S 31,13,22) (S 40,2,1) (D 0,1,1)
 0 1 2 39 62  7 (D 0,1,1) (S 13,8,8) (S 3,20,20) (S 4,21,21) (S 15,21,3) (S 16,3,9) (D 0,1,1)
 0 1 3 38 75  6 (D 0,1,1) (S 41,12,17) (S 18,8,9) (S 11,9,9) (S 1,19,19) (D 0,1,1)
 0 1 4 49 99  9 (D 0,1,1) (S 34,4,6) (S 19,6,11) (S 23,6,15) (S 8,15,15) (S 33,7,13) (S 7,13,13) (S 43,7,2) (D 0,1,1)
 0 1 5 38 65  7 (D 0,1,1) (S 39,1,10) (S 10,10,10) (S 25,10,18) (S 6,18,18) (S 12,17,17) (D 0,1,1)
 0 1 6 33 93  8 (D 0,1,1) (S 9,5,5) (S 38,2,22) (S 37,2,3) (S 35,3,4) (S 22,4,11) (S 2,11,11) (D 0,1,1)
