293
7
369438542
1747605735
 0 1 1 22 30  6 (D 0,1,1) (S 24,1,7) (S 7,7,7) (S 28,7,8) (S 2,2,2) (D 0,1,1)
 0 1 2 23 36  7 (D 0,1,1) (S 25,2,3) (S 3,3,3) (S 12,3,10) (S 6,11,11) (S 15,1,10) (D 0,1,1)
 0 1 3 15 39  4 (D 0,1,1) (S 22,3,5) (S 30,4,9) (D 0,1,1)
 0 1 4 16 42  6 (D 0,1,1) (S 16,1,6) (S 5,6,6) (S 21,4,7) (S 10,7,9) (D 0,1,1)
 0 1 5 26 46  6 (D 0,1,1) (S 11,2,4) (S 20,4,8) (S 8,10,6) (S 13,6,3) (D 0,1,1)
 0 1 6 27 48  9 (D 0,1,1) (S 17,2,9) (S 4,9,9) (S 9,9,1) (S 23,1,8) (S 1,8,8) (S 29,2,6) (S 26,6,11) (D 0,1,1)
 0 1 7 25 52  7 (D 0,1,1) (S 18,1,5) (S 14,5,7) (S 19,7,10) (S 31,2,5) (S 27,3,11) (D 0,1,1)
