948
6
410176438
1747958385
 0 1 1 134 174  20 (D 0,1,1) (S 97,15,23) (S 19,34,34) (S 47,34,33) (S 56,33,41) (S 14,41,41) (S 16,42,42) (S 96,42,34) (S 84,34,42) (S 23,43,43) (S 73,43,44) (S 4,45,45) (S 45,48,49) (S 27,49,49) (S 69,49,50) (S 12,50,50) (S 88,50,45) (S 91,45,46) (S 64,30,24) (D 0,1,1)
 0 1 2 63 100  11 (D 0,1,1) (S 58,1,10) (S 28,10,10) (S 59,10,17) (S 46,17,24) (S 106,23,14) (S 20,21,21) (S 111,13,8) (S 6,8,8) (S 54,8,9) (D 0,1,1)
 0 1 3 140 167  19 (D 0,1,1) (S 77,1,15) (S 1,15,15) (S 41,29,37) (S 3,37,37) (S 49,37,44) (S 35,44,44) (S 94,36,35) (S 78,36,38) (S 33,38,38) (S 51,38,39) (S 108,31,32) (S 57,32,40) (S 26,40,40) (S 52,40,47) (S 40,47,39) (S 53,38,30) (S 2,30,30) (D 0,1,1)
 0 1 4 128 165  24 (D 0,1,1) (S 8,9,9) (S 22,29,29) (S 80,29,24) (S 29,24,24) (S 43,23,28) (S 9,28,28) (S 95,28,27) (S 7,27,27) (S 87,27,26) (S 60,26,25) (S 99,35,36) (S 32,36,36) (S 71,36,28) (S 38,28,22) (S 11,22,22) (S 55,22,13) (S 17,13,13) (S 98,21,26) (S 25,25,25) (S 68,25,20) (S 114,20,21) (S 66,13,9) (D 0,1,1)
 0 1 5 61 71  8 (D 0,1,1) (S 50,1,9) (S 31,14,14) (S 5,23,23) (S 103,23,15) (S 37,15,16) (S 34,16,16) (D 0,1,1)
 0 1 6 128 131  18 (D 0,1,1) (S 90,1,5) (S 10,5,5) (S 109,5,2) (S 18,2,2) (S 79,2,3) (S 15,3,3) (S 75,3,4) (S 24,4,4) (S 36,7,6) (S 82,6,11) (S 30,11,11) (S 21,12,12) (S 85,12,19) (S 13,19,19) (S 63,19,18) (S 62,39,31) (D 0,1,1)
