466
6
83359960
1747605740
 0 1 1 5 27  7 (D 0,1,1) (S 19,1,12) (S 11,12,6) (S 3,6,6) (S 6,7,7) (S 10,7,12) (D 0,1,1)
 0 1 2 5 48  6 (D 0,1,1) (S 22,1,2) (S 1,2,2) (S 5,9,9) (S 12,2,4) (D 0,1,1)
 0 1 3 2 82  4 (D 0,1,1) (S 24,12,13) (S 17,5,13) (D 0,1,1)
 0 1 4 5 85  7 (D 0,1,1) (S 8,12,5) (S 2,3,3) (S 25,3,5) (S 18,5,6) (S 13,3,4) (D 0,1,1)
 0 1 5 4 103  6 (D 0,1,1) (S 23,5,11) (S 16,7,8) (S 4,8,8) (S 9,8,11) (D 0,1,1)
 0 1 6 5 121  7 (D 0,1,1) (S 21,1,10) (S 14,9,10) (S 7,10,10) (S 20,1,4) (S 15,4,13) (D 0,1,1)
