1245
6
696366370
1747606383
 0 1 1 77 131  13 (D 0,1,1) (S 36,1,7) (S 44,7,13) (S 18,13,13) (S 35,13,12) (S 15,12,12) (S 50,12,18) (S 53,18,12) (S 46,13,14) (S 75,14,13) (S 56,19,12) (S 39,12,6) (D 0,1,1)
 0 1 2 96 181  12 (D 0,1,1) (S 31,19,20) (S 14,20,20) (S 48,21,20) (S 6,21,21) (S 10,15,15) (S 63,8,9) (S 70,9,3) (S 22,4,4) (S 37,4,5) (S 26,5,11) (D 0,1,1)
 0 1 3 109 190  12 (D 0,1,1) (S 30,1,2) (S 4,2,2) (S 38,3,4) (S 34,4,10) (S 17,10,10) (S 42,10,3) (S 29,23,24) (S 19,24,24) (S 24,22,28) (S 23,28,28) (D 0,1,1)
 0 1 4 113 215  14 (D 0,1,1) (S 66,18,29) (S 12,29,29) (S 72,29,25) (S 21,25,25) (S 27,25,19) (S 43,25,30) (S 1,30,30) (S 25,6,18) (S 16,18,18) (S 74,6,7) (S 58,7,6) (S 3,6,6) (D 0,1,1)
 0 1 5 110 254  19 (D 0,1,1) (S 41,10,16) (S 11,16,16) (S 28,16,15) (S 71,15,22) (S 57,23,16) (S 67,16,17) (S 33,17,24) (S 65,24,11) (S 55,3,9) (S 7,9,9) (S 47,9,10) (S 61,17,16) (S 69,14,20) (S 60,20,14) (S 54,14,8) (S 59,8,14) (S 49,8,2) (D 0,1,1)
 0 1 6 109 274  19 (D 0,1,1) (S 52,17,11) (S 8,11,11) (S 73,11,24) (S 32,28,33) (S 2,33,33) (S 40,33,32) (S 51,32,31) (S 68,31,32) (S 77,27,28) (S 5,22,22) (S 13,23,23) (S 76,22,21) (S 9,27,27) (S 62,27,26) (S 20,26,26) (S 64,26,31) (S 45,31,26) (D 0,1,1)
