632
8
386348187
1747605747
 0 1 1 31 51  3 (D 0,1,1) (S 3,4,4) (D 0,1,1)
 0 1 2 22 68  4 (D 0,1,1) (S 21,4,10) (S 7,10,10) (D 0,1,1)
 0 1 3 25 49  4 (D 0,1,1) (S 12,2,3) (S 1,3,3) (D 0,1,1)
 0 1 4 26 54  4 (D 0,1,1) (S 10,2,2) (S 4,7,7) (D 0,1,1)
 0 1 5 22 96  6 (D 0,1,1) (S 16,2,8) (S 2,8,8) (S 13,8,9) (S 6,9,9) (D 0,1,1)
 0 1 6 26 86  5 (D 0,1,1) (S 15,2,6) (S 17,6,12) (S 5,12,12) (D 0,1,1)
 0 1 7 27 93  5 (D 0,1,1) (S 18,1,5) (S 11,5,10) (S 14,4,5) (D 0,1,1)
 0 1 8 33 135  6 (D 0,1,1) (S 19,3,6) (S 9,6,6) (S 8,11,11) (S 20,11,13) (D 0,1,1)
