1397
6
464451959
1747605836
 0 1 1 49 175  9 (D 0,1,1) (S 35,20,27) (S 5,27,27) (S 59,32,26) (S 84,26,32) (S 64,32,31) (S 54,38,34) (S 96,34,29) (D 0,1,1)
 0 1 2 96 200  25 (D 0,1,1) (S 92,13,23) (S 12,23,23) (S 56,23,13) (S 83,14,24) (S 61,24,14) (S 100,14,23) (S 77,23,14) (S 85,14,15) (S 4,15,15) (S 42,9,10) (S 51,10,15) (S 44,15,10) (S 52,10,4) (S 53,10,11) (S 6,11,11) (S 82,14,13) (S 17,13,13) (S 55,7,8) (S 57,8,9) (S 68,9,3) (S 39,3,2) (S 78,1,2) (S 70,2,1) (D 0,1,1)
 0 1 3 108 239  13 (D 0,1,1) (S 2,30,30) (S 36,30,31) (S 71,32,36) (S 23,36,36) (S 60,36,40) (S 75,19,26) (S 1,26,26) (S 29,26,27) (S 33,27,28) (S 26,28,22) (S 28,22,21) (D 0,1,1)
 0 1 4 120 237  17 (D 0,1,1) (S 45,7,13) (S 99,13,7) (S 14,7,7) (S 79,7,1) (S 67,3,4) (S 72,4,3) (S 37,2,8) (S 65,24,30) (S 86,30,29) (S 50,29,23) (S 93,23,29) (S 48,24,25) (S 16,25,25) (S 94,25,24) (S 46,25,15) (D 0,1,1)
 0 1 5 128 270  25 (D 0,1,1) (S 89,29,34) (S 7,34,34) (S 63,34,35) (S 58,35,36) (S 91,36,32) (S 87,27,33) (S 24,33,33) (S 43,33,37) (S 9,37,37) (S 90,37,33) (S 34,16,17) (S 30,17,18) (S 13,18,18) (S 80,20,21) (S 19,21,21) (S 40,21,20) (S 76,16,19) (S 18,19,19) (S 98,19,16) (S 97,20,19) (S 69,20,17) (S 15,17,17) (S 95,17,11) (D 0,1,1)
 0 1 6 126 276  23 (D 0,1,1) (S 38,25,31) (S 21,31,31) (S 62,31,35) (S 3,35,35) (S 27,35,39) (S 74,39,36) (S 31,38,39) (S 41,39,40) (S 20,40,40) (S 73,11,12) (S 10,12,12) (S 88,12,6) (S 22,6,6) (S 49,6,12) (S 32,5,11) (S 11,16,16) (S 66,16,15) (S 25,5,4) (S 81,4,10) (S 47,10,9) (S 8,9,9) (D 0,1,1)
