880
9
579311484
1747958377
 0 1 1 64 104  10 (D 0,1,1) (S 28,11,16) (S 50,15,9) (S 49,9,10) (S 3,10,10) (S 63,9,8) (S 29,8,14) (S 30,14,15) (S 67,15,16) (D 0,1,1)
 0 1 2 65 110  14 (D 0,1,1) (S 80,6,7) (S 65,3,4) (S 5,4,4) (S 46,38,37) (S 70,37,38) (S 22,38,38) (S 15,39,39) (S 14,5,5) (S 71,5,39) (S 33,39,32) (S 54,32,31) (S 62,31,37) (D 0,1,1)
 0 1 3 65 103  10 (D 0,1,1) (S 27,35,36) (S 72,37,30) (S 47,30,31) (S 8,31,31) (S 82,31,30) (S 34,30,29) (S 26,29,36) (S 23,6,6) (D 0,1,1)
 0 1 4 65 107  12 (D 0,1,1) (S 44,13,18) (S 35,18,22) (S 32,22,25) (S 36,25,24) (S 13,23,23) (S 51,22,21) (S 79,21,20) (S 2,20,20) (S 42,20,23) (S 43,12,6) (D 0,1,1)
 0 1 5 59 80  7 (D 0,1,1) (S 19,33,33) (S 40,33,34) (S 17,34,34) (S 18,26,26) (S 73,26,33) (D 0,1,1)
 0 1 6 59 78  8 (D 0,1,1) (S 24,27,27) (S 45,27,28) (S 68,28,35) (S 6,35,35) (S 37,35,1) (S 38,1,6) (D 0,1,1)
 0 1 7 58 90  10 (D 0,1,1) (S 55,2,6) (S 31,12,17) (S 4,17,17) (S 9,13,13) (S 39,18,19) (S 16,18,18) (S 59,18,13) (S 7,7,7) (D 0,1,1)
 0 1 8 63 75  10 (D 0,1,1) (S 12,2,2) (S 41,2,36) (S 57,36,37) (S 66,37,3) (S 25,3,7) (S 81,7,6) (S 10,12,12) (S 52,12,11) (D 0,1,1)
 0 1 9 61 82  9 (D 0,1,1) (S 60,1,11) (S 11,11,11) (S 21,16,16) (S 64,16,10) (S 1,8,8) (S 58,8,40) (S 20,40,40) (D 0,1,1)
