588
6
887552365
1747605747
 0 1 1 24 63  7 (D 0,1,1) (S 15,9,9) (S 34,9,19) (S 1,19,19) (S 38,20,21) (S 21,3,4) (D 0,1,1)
 0 1 2 36 82  8 (D 0,1,1) (S 35,8,12) (S 10,12,12) (S 14,17,17) (S 2,16,16) (S 13,11,11) (S 22,11,12) (D 0,1,1)
 0 1 3 38 104  8 (D 0,1,1) (S 36,7,2) (S 16,2,4) (S 3,7,7) (S 32,7,4) (S 7,4,4) (S 39,4,1) (D 0,1,1)
 0 1 4 35 95  9 (D 0,1,1) (S 18,1,10) (S 12,10,10) (S 37,10,18) (S 30,18,19) (S 6,5,5) (S 27,5,14) (S 28,5,1) (D 0,1,1)
 0 1 5 44 122  8 (D 0,1,1) (S 19,9,10) (S 9,8,8) (S 23,21,22) (S 24,2,3) (S 8,3,3) (S 33,3,9) (D 0,1,1)
 0 1 6 47 122  11 (D 0,1,1) (S 25,14,15) (S 5,6,6) (S 29,6,15) (S 26,15,16) (S 11,13,13) (S 20,13,22) (S 17,22,2) (S 4,2,2) (S 31,2,1) (D 0,1,1)
