1080
7
988678640
1747606583
 0 1 1 67 107  14 (D 0,1,1) (S 99,5,2) (S 19,2,2) (S 75,2,3) (S 29,3,3) (S 77,6,11) (S 72,12,7) (S 55,7,4) (S 20,4,4) (S 37,6,7) (S 94,7,12) (S 22,12,12) (S 7,11,11) (D 0,1,1)
 0 1 2 77 130  14 (D 0,1,1) (S 53,33,41) (S 12,41,41) (S 86,42,43) (S 100,43,44) (S 71,36,38) (S 6,37,37) (S 11,30,30) (S 74,29,24) (S 4,29,29) (S 60,30,24) (S 31,23,23) (S 27,15,15) (D 0,1,1)
 0 1 3 87 138  13 (D 0,1,1) (S 39,17,31) (S 98,31,32) (S 102,32,31) (S 23,19,19) (S 69,19,12) (S 56,1,16) (S 24,16,16) (S 38,16,15) (S 44,15,14) (S 50,14,9) (S 48,9,1) (D 0,1,1)
 0 1 4 97 168  17 (D 0,1,1) (S 63,45,49) (S 26,49,49) (S 66,49,50) (S 34,50,50) (S 58,50,49) (S 45,49,48) (S 35,48,45) (S 47,37,44) (S 33,44,44) (S 43,44,45) (S 28,45,45) (S 82,45,46) (S 76,46,45) (S 32,38,38) (S 85,30,17) (D 0,1,1)
 0 1 5 104 174  20 (D 0,1,1) (S 90,8,13) (S 14,13,13) (S 2,33,33) (S 46,33,25) (S 67,20,25) (S 21,25,25) (S 101,20,21) (S 70,21,22) (S 65,21,13) (S 88,13,21) (S 91,21,26) (S 15,26,26) (S 83,26,27) (S 81,27,26) (S 17,28,28) (S 5,22,22) (S 52,22,13) (S 51,8,9) (D 0,1,1)
 0 1 6 100 175  21 (D 0,1,1) (S 10,14,14) (S 78,14,23) (S 95,23,14) (S 96,23,24) (S 13,24,24) (S 64,24,29) (S 97,29,23) (S 42,23,28) (S 87,28,27) (S 9,27,27) (S 30,36,36) (S 68,36,28) (S 80,30,39) (S 1,39,39) (S 57,39,31) (S 54,32,40) (S 62,40,39) (S 40,39,47) (S 49,47,40) (D 0,1,1)
 0 1 7 122 188  17 (D 0,1,1) (S 16,10,10) (S 41,10,5) (S 25,5,5) (S 59,10,11) (S 8,18,18) (S 93,18,17) (S 18,17,17) (S 3,43,43) (S 73,43,35) (S 36,35,34) (S 79,34,42) (S 89,42,34) (S 92,35,36) (S 84,36,35) (S 61,34,26) (D 0,1,1)
