624
9
761623119
1747958419
 0 1 1 43 55  6 (D 0,1,1) (S 24,22,23) (S 5,23,23) (S 37,24,21) (S 42,15,20) (D 0,1,1)
 0 1 2 42 72  7 (D 0,1,1) (S 22,1,20) (S 7,20,20) (S 30,20,21) (S 6,21,21) (S 33,21,24) (D 0,1,1)
 0 1 3 44 81  10 (D 0,1,1) (S 1,2,2) (S 35,2,4) (S 23,3,9) (S 34,9,19) (S 31,19,9) (S 19,3,10) (S 10,10,10) (S 20,2,5) (D 0,1,1)
 0 1 4 44 78  5 (D 0,1,1) (S 12,6,6) (S 40,5,4) (S 9,4,4) (D 0,1,1)
 0 1 5 35 60  6 (D 0,1,1) (S 44,1,9) (S 21,3,4) (S 2,11,11) (S 32,11,1) (D 0,1,1)
 0 1 6 44 77  6 (D 0,1,1) (S 41,6,7) (S 15,7,7) (S 11,13,13) (S 3,17,17) (D 0,1,1)
 0 1 7 44 85  9 (D 0,1,1) (S 16,12,12) (S 25,12,16) (S 43,16,17) (S 27,8,14) (S 4,14,14) (S 8,18,18) (S 38,16,15) (D 0,1,1)
 0 1 8 44 64  5 (D 0,1,1) (S 26,1,19) (S 13,19,19) (S 17,1,5) (D 0,1,1)
 0 1 9 18 24  3 (D 0,1,1) (S 14,5,5) (D 0,1,1)
