789
8
637970090
1747958297
 0 1 1 37 94  6 (D 0,1,1) (S 15,11,15) (S 4,17,17) (S 19,13,12) (S 11,12,12) (D 0,1,1)
 0 1 2 40 97  7 (D 0,1,1) (S 45,15,16) (S 21,16,17) (S 36,17,13) (S 24,12,11) (S 46,1,3) (D 0,1,1)
 0 1 3 39 103  6 (D 0,1,1) (S 27,21,24) (S 10,24,24) (S 32,23,22) (S 8,22,22) (D 0,1,1)
 0 1 4 40 126  10 (D 0,1,1) (S 44,5,11) (S 3,15,15) (S 7,18,18) (S 1,6,6) (S 12,7,7) (S 14,8,14) (S 41,14,13) (S 23,3,1) (D 0,1,1)
 0 1 5 37 73  5 (D 0,1,1) (S 30,9,19) (S 2,19,19) (S 40,19,9) (D 0,1,1)
 0 1 6 38 85  7 (D 0,1,1) (S 17,9,10) (S 38,10,11) (S 6,11,11) (S 34,11,5) (S 22,5,4) (D 0,1,1)
 0 1 7 39 73  6 (D 0,1,1) (S 20,2,4) (S 18,5,10) (S 33,9,3) (S 5,3,3) (D 0,1,1)
 0 1 8 40 90  7 (D 0,1,1) (S 16,1,2) (S 13,21,20) (S 9,20,20) (S 43,23,20) (S 31,20,10) (D 0,1,1)
