247
8
835194925
1747605750
 0 1 1 22 26  3 (D 0,1,1) (S 2,3,3) (D 0,1,1)
 0 1 2 15 21  3 (D 0,1,1) (S 7,4,4) (D 0,1,1)
 0 1 3 15 27  4 (D 0,1,1) (S 10,1,9) (S 13,9,10) (D 0,1,1)
 0 1 4 13 27  5 (D 0,1,1) (S 22,1,5) (S 5,5,5) (S 17,7,10) (D 0,1,1)
 0 1 5 15 31  6 (D 0,1,1) (S 14,1,2) (S 20,2,8) (S 15,2,9) (S 23,6,11) (D 0,1,1)
 0 1 6 22 39  5 (D 0,1,1) (S 16,7,9) (S 9,9,6) (S 6,6,6) (D 0,1,1)
 0 1 7 26 32  6 (D 0,1,1) (S 21,1,8) (S 1,8,8) (S 4,10,10) (S 8,2,2) (D 0,1,1)
 0 1 8 26 44  8 (D 0,1,1) (S 12,1,11) (S 11,11,7) (S 24,7,8) (S 18,2,4) (S 19,4,7) (S 3,7,7) (D 0,1,1)
