784
8
815316692
1747958420
 0 1 1 40 113  9 (D 0,1,1) (S 33,10,20) (S 20,20,21) (S 8,24,24) (S 43,24,21) (S 6,21,21) (S 42,21,15) (S 27,15,21) (D 0,1,1)
 0 1 2 40 96  5 (D 0,1,1) (S 7,9,9) (S 41,19,20) (S 16,23,23) (D 0,1,1)
 0 1 3 38 99  8 (D 0,1,1) (S 24,3,4) (S 39,5,11) (S 21,11,15) (S 17,16,16) (S 38,16,12) (S 31,11,5) (D 0,1,1)
 0 1 4 39 77  5 (D 0,1,1) (S 13,20,20) (S 23,10,9) (S 26,3,1) (D 0,1,1)
 0 1 5 37 83  8 (D 0,1,1) (S 40,1,3) (S 3,3,3) (S 19,19,22) (S 15,22,22) (S 36,19,9) (S 30,9,3) (D 0,1,1)
 0 1 6 37 65  6 (D 0,1,1) (S 22,1,2) (S 12,2,2) (S 14,4,4) (S 5,5,5) (D 0,1,1)
 0 1 7 39 127  8 (D 0,1,1) (S 29,12,6) (S 1,6,6) (S 18,7,7) (S 9,8,8) (S 2,14,14) (S 28,16,15) (D 0,1,1)
 0 1 8 40 111  9 (D 0,1,1) (S 11,15,15) (S 25,17,18) (S 10,18,18) (S 37,14,13) (S 34,13,17) (S 32,17,13) (S 4,12,12) (D 0,1,1)
