781
9
945920336
1747958395
 0 1 1 38 89  8 (D 0,1,1) (S 33,10,20) (S 8,20,20) (S 15,20,21) (S 2,21,21) (S 40,21,15) (S 31,11,5) (D 0,1,1)
 0 1 2 38 74  4 (D 0,1,1) (S 19,9,10) (S 3,5,5) (D 0,1,1)
 0 1 3 39 104  7 (D 0,1,1) (S 4,9,9) (S 35,10,11) (S 38,15,16) (S 6,16,16) (S 26,16,15) (D 0,1,1)
 0 1 4 40 86  5 (D 0,1,1) (S 39,1,3) (S 10,22,22) (S 5,19,19) (D 0,1,1)
 0 1 5 37 59  7 (D 0,1,1) (S 30,9,3) (S 12,3,3) (S 20,3,4) (S 11,4,4) (S 9,2,2) (D 0,1,1)
 0 1 6 40 121  7 (D 0,1,1) (S 28,12,6) (S 1,6,6) (S 14,7,7) (S 16,8,14) (S 23,12,11) (D 0,1,1)
 0 1 7 35 107  6 (D 0,1,1) (S 25,15,21) (S 24,24,23) (S 13,23,23) (S 29,23,22) (D 0,1,1)
 0 1 8 37 106  9 (D 0,1,1) (S 17,11,15) (S 21,17,18) (S 42,18,14) (S 7,14,14) (S 34,13,17) (S 32,17,13) (S 22,13,12) (D 0,1,1)
 0 1 9 6 14  3 (D 0,1,1) (S 18,1,2) (D 0,1,1)
