268
6
316155239
1747605750
 0 1 1 24 34  6 (D 0,1,1) (S 25,1,4) (S 6,4,4) (S 20,4,7) (S 1,7,7) (D 0,1,1)
 0 1 2 22 38  4 (D 0,1,1) (S 14,5,8) (S 8,2,2) (D 0,1,1)
 0 1 3 28 44  5 (D 0,1,1) (S 18,1,8) (S 19,4,9) (S 4,3,3) (D 0,1,1)
 0 1 4 21 44  5 (D 0,1,1) (S 23,2,6) (S 16,6,7) (S 24,5,9) (D 0,1,1)
 0 1 5 31 52  9 (D 0,1,1) (S 10,1,3) (S 15,3,9) (S 21,2,9) (S 7,6,6) (S 9,6,8) (S 2,8,8) (S 12,8,2) (D 0,1,1)
 0 1 6 27 56  8 (D 0,1,1) (S 17,2,3) (S 11,3,4) (S 3,5,5) (S 13,5,7) (S 22,7,9) (S 5,9,9) (D 0,1,1)
