322
9
154367825
1747606503
 0 1 1 11 30  4 (D 0,1,1) (S 11,22,22) (S 31,22,19) (D 0,1,1)
 0 1 2 12 25  5 (D 0,1,1) (S 9,5,5) (S 2,19,19) (S 16,9,9) (D 0,1,1)
 0 1 3 13 40  5 (D 0,1,1) (S 7,7,7) (S 33,8,7) (S 10,8,8) (D 0,1,1)
 0 1 4 13 43  6 (D 0,1,1) (S 35,13,14) (S 21,14,18) (S 30,17,18) (S 14,18,18) (D 0,1,1)
 0 1 5 15 36  7 (D 0,1,1) (S 24,11,15) (S 15,15,15) (S 38,16,15) (S 25,15,21) (S 3,21,21) (D 0,1,1)
 0 1 6 16 38  7 (D 0,1,1) (S 23,10,20) (S 4,20,20) (S 37,23,20) (S 32,23,24) (S 17,24,21) (D 0,1,1)
 0 1 7 19 42  8 (D 0,1,1) (S 36,5,6) (S 5,6,6) (S 1,13,13) (S 27,13,12) (S 26,12,6) (S 29,6,12) (D 0,1,1)
 0 1 8 20 28  7 (D 0,1,1) (S 22,1,2) (S 28,2,4) (S 12,4,4) (S 8,3,3) (S 18,3,1) (D 0,1,1)
 0 1 9 18 40  7 (D 0,1,1) (S 20,5,11) (S 34,11,12) (S 6,12,12) (S 13,16,16) (S 19,11,10) (D 0,1,1)
