800
6
488149866
1747958376
 0 1 1 37 64  7 (D 0,1,1) (S 32,1,8) (S 49,8,14) (S 48,14,8) (S 55,8,40) (S 4,40,40) (D 0,1,1)
 0 1 2 110 100  9 (D 0,1,1) (S 29,1,35) (S 53,35,28) (S 44,28,27) (S 21,27,27) (S 5,34,34) (S 19,26,26) (S 42,33,1) (D 0,1,1)
 0 1 3 118 169  18 (D 0,1,1) (S 36,6,12) (S 26,17,13) (S 37,13,18) (S 64,18,19) (S 31,19,13) (S 28,18,22) (S 43,22,25) (S 11,25,25) (S 23,24,21) (S 8,21,21) (S 74,21,20) (S 18,23,23) (S 16,20,20) (S 68,20,17) (S 78,7,6) (S 57,6,1) (D 0,1,1)
 0 1 4 116 127  15 (D 0,1,1) (S 17,2,2) (S 58,2,3) (S 7,3,3) (S 30,38,37) (S 9,37,37) (S 35,30,31) (S 6,31,31) (S 10,32,32) (S 65,39,5) (S 20,5,5) (S 3,4,4) (S 69,4,3) (S 56,3,2) (D 0,1,1)
 0 1 5 90 89  8 (D 0,1,1) (S 14,12,12) (S 24,13,7) (S 13,30,30) (S 45,30,29) (S 79,29,36) (S 12,36,36) (D 0,1,1)
 0 1 6 88 124  12 (D 0,1,1) (S 72,1,11) (S 15,11,11) (S 33,16,15) (S 1,15,15) (S 40,15,14) (S 51,8,9) (S 73,9,15) (S 46,9,10) (S 2,10,10) (S 34,10,1) (D 0,1,1)
