1115
6
263772829
1747606575
 0 1 1 86 124  14 (D 0,1,1) (S 33,10,10) (S 48,6,3) (S 96,2,3) (S 3,3,3) (S 6,2,2) (S 52,3,4) (S 71,4,7) (S 28,6,6) (S 100,6,5) (S 21,5,5) (S 78,5,6) (S 83,5,1) (D 0,1,1)
 0 1 2 94 152  14 (D 0,1,1) (S 56,12,19) (S 44,19,32) (S 18,40,40) (S 38,47,39) (S 91,30,38) (S 93,38,36) (S 88,36,38) (S 50,38,39) (S 5,39,39) (S 98,39,40) (S 14,32,32) (S 23,31,31) (D 0,1,1)
 0 1 3 100 183  15 (D 0,1,1) (S 10,45,45) (S 65,45,49) (S 61,50,49) (S 20,49,49) (S 60,45,48) (S 15,48,48) (S 39,38,46) (S 54,46,50) (S 80,50,45) (S 37,45,46) (S 26,35,35) (S 55,34,42) (S 40,42,41) (D 0,1,1)
 0 1 4 119 196  24 (D 0,1,1) (S 30,16,16) (S 53,16,17) (S 13,17,17) (S 43,12,7) (S 9,7,7) (S 57,12,11) (S 76,11,18) (S 27,18,18) (S 82,18,11) (S 73,1,15) (S 22,23,23) (S 97,23,24) (S 2,24,24) (S 63,24,23) (S 66,24,29) (S 77,29,24) (S 51,24,15) (S 75,23,22) (S 32,21,21) (S 19,13,13) (S 69,13,22) (S 70,13,8) (D 0,1,1)
 0 1 5 115 223  22 (D 0,1,1) (S 87,22,28) (S 89,28,27) (S 1,27,27) (S 34,28,28) (S 99,28,22) (S 24,22,22) (S 84,21,20) (S 11,20,20) (S 67,20,25) (S 4,25,25) (S 92,21,26) (S 17,33,33) (S 42,33,25) (S 81,33,41) (S 8,41,41) (S 95,36,44) (S 58,43,48) (S 85,38,37) (S 45,37,44) (S 29,43,43) (D 0,1,1)
 0 1 6 140 237  23 (D 0,1,1) (S 46,1,9) (S 90,9,14) (S 12,14,14) (S 72,21,22) (S 79,22,13) (S 64,13,9) (S 94,9,8) (S 74,8,9) (S 41,14,15) (S 31,15,15) (S 36,15,16) (S 68,17,31) (S 86,31,17) (S 25,30,30) (S 7,29,29) (S 49,29,23) (S 62,29,37) (S 59,43,42) (S 35,34,34) (S 47,34,26) (S 16,26,26) (D 0,1,1)
