1154
6
381781181
1747606085
 0 1 1 82 182  15 (D 0,1,1) (S 54,16,20) (S 37,20,24) (S 10,24,24) (S 47,24,28) (S 64,28,24) (S 63,28,27) (S 21,27,27) (S 76,27,20) (S 13,20,20) (S 57,20,27) (S 77,20,21) (S 4,21,21) (S 28,21,29) (D 0,1,1)
 0 1 2 77 163  13 (D 0,1,1) (S 24,8,14) (S 6,14,14) (S 66,13,16) (S 55,16,13) (S 26,13,17) (S 23,17,16) (S 5,4,4) (S 1,7,7) (S 72,7,8) (S 42,8,5) (S 15,5,5) (D 0,1,1)
 0 1 3 84 169  13 (D 0,1,1) (S 48,4,6) (S 11,6,6) (S 35,6,11) (S 65,11,12) (S 82,11,16) (S 18,16,16) (S 43,16,11) (S 36,7,12) (S 9,12,12) (S 22,13,14) (S 39,14,15) (D 0,1,1)
 0 1 4 82 178  16 (D 0,1,1) (S 46,18,26) (S 25,26,30) (S 61,26,18) (S 51,18,17) (S 17,17,17) (S 44,17,18) (S 30,18,19) (S 33,19,15) (S 32,1,2) (S 7,2,2) (S 70,1,8) (S 78,8,1) (S 83,1,5) (S 69,5,1) (D 0,1,1)
 0 1 5 116 232  23 (D 0,1,1) (S 38,16,21) (S 74,21,28) (S 16,28,28) (S 67,28,21) (S 56,21,22) (S 79,22,21) (S 3,22,22) (S 34,22,23) (S 59,23,30) (S 75,30,25) (S 2,25,25) (S 81,25,29) (S 14,29,29) (S 60,29,25) (S 80,25,22) (S 29,22,29) (S 19,23,23) (S 49,30,23) (S 62,23,18) (S 58,18,23) (S 12,15,15) (D 0,1,1)
 0 1 6 125 230  15 (D 0,1,1) (S 45,1,9) (S 71,9,10) (S 41,9,15) (S 52,9,2) (S 20,10,10) (S 73,10,3) (S 8,3,3) (S 27,8,9) (S 53,15,8) (S 68,8,13) (S 50,13,8) (S 40,8,7) (S 31,4,5) (D 0,1,1)
