707
7
714448617
1747605734
 0 1 1 26 54  4 (D 0,1,1) (S 6,2,2) (S 2,7,7) (D 0,1,1)
 0 1 2 30 70  4 (D 0,1,1) (S 10,1,4) (S 7,4,5) (D 0,1,1)
 0 1 3 32 127  5 (D 0,1,1) (S 12,4,11) (S 5,11,11) (S 20,11,13) (D 0,1,1)
 0 1 4 27 90  4 (D 0,1,1) (S 15,2,3) (S 21,6,10) (D 0,1,1)
 0 1 5 34 106  6 (D 0,1,1) (S 13,1,5) (S 16,5,10) (S 22,4,10) (S 4,10,10) (D 0,1,1)
 0 1 6 28 134  6 (D 0,1,1) (S 14,6,12) (S 1,12,12) (S 11,8,9) (S 3,9,9) (D 0,1,1)
 0 1 7 35 126  7 (D 0,1,1) (S 17,1,3) (S 18,3,6) (S 9,6,2) (S 8,2,8) (S 19,8,12) (D 0,1,1)
