218
6
519547101
1747605735
 0 1 1 20 26  6 (D 0,1,1) (S 7,1,3) (S 3,3,3) (S 12,3,5) (S 18,5,8) (D 0,1,1)
 0 1 2 25 29  5 (D 0,1,1) (S 19,1,5) (S 23,5,6) (S 4,6,6) (D 0,1,1)
 0 1 3 28 34  6 (D 0,1,1) (S 17,1,7) (S 1,7,7) (S 6,7,2) (S 16,2,6) (D 0,1,1)
 0 1 4 25 37  6 (D 0,1,1) (S 22,3,6) (S 8,6,7) (S 10,2,5) (S 20,5,7) (D 0,1,1)
 0 1 5 32 42  7 (D 0,1,1) (S 24,3,8) (S 9,8,1) (S 2,2,2) (S 13,2,3) (S 15,3,7) (D 0,1,1)
 0 1 6 38 50  7 (D 0,1,1) (S 11,1,4) (S 5,4,4) (S 25,4,6) (S 21,2,8) (S 14,4,8) (D 0,1,1)
