18385
9
619562282
1747607026
 0 1 1 1066 1497  7 (D 0,1,1) (S 25,35,36) (S 17,36,31) (S 49,28,29) (S 9,29,23) (S 41,23,22) (D 0,1,1)
 0 1 2 1414 1670  6 (D 0,1,1) (S 44,21,17) (S 15,17,22) (S 29,22,17) (S 51,26,25) (D 0,1,1)
 0 1 3 1289 1725  7 (D 0,1,1) (S 40,16,8) (S 33,7,13) (S 26,13,15) (S 21,14,24) (S 39,24,25) (D 0,1,1)
 0 1 4 1034 1778  6 (D 0,1,1) (S 23,19,30) (S 37,38,30) (S 8,26,34) (S 36,35,27) (D 0,1,1)
 0 1 5 1369 1999  7 (D 0,1,1) (S 42,10,4) (S 30,4,5) (S 20,5,11) (S 19,8,7) (S 14,6,12) (D 0,1,1)
 0 1 6 1481 2058  6 (D 0,1,1) (S 27,19,10) (S 43,10,18) (S 32,18,10) (S 10,18,23) (D 0,1,1)
 0 1 7 1528 2228  11 (D 0,1,1) (S 16,17,16) (S 53,16,15) (S 47,20,21) (S 12,21,22) (S 28,25,21) (S 38,27,31) (S 4,31,27) (S 46,25,33) (S 1,24,24) (D 0,1,1)
 0 1 8 1799 2520  10 (D 0,1,1) (S 50,34,35) (S 7,36,37) (S 6,31,28) (S 18,27,26) (S 45,25,20) (S 3,34,33) (S 11,33,32) (S 35,32,24) (D 0,1,1)
 0 1 9 1578 2910  11 (D 0,1,1) (S 5,18,19) (S 34,11,10) (S 48,2,3) (S 22,17,18) (S 52,10,9) (S 31,9,8) (S 2,6,1) (S 13,7,6) (S 24,12,13) (D 0,1,1)
