1265
7
214192949
1747606659
 0 1 1 56 97  9 (D 0,1,1) (S 66,6,7) (S 22,13,13) (S 60,13,12) (S 12,12,12) (S 64,12,6) (S 5,6,6) (S 43,6,12) (D 0,1,1)
 0 1 2 75 161  10 (D 0,1,1) (S 42,19,25) (S 4,30,30) (S 16,31,31) (S 56,14,20) (S 2,26,26) (S 62,26,25) (S 14,25,25) (S 53,25,29) (D 0,1,1)
 0 1 3 80 190  13 (D 0,1,1) (S 58,15,22) (S 11,22,22) (S 17,28,28) (S 63,28,23) (S 71,23,24) (S 44,24,23) (S 52,24,17) (S 25,17,17) (S 47,11,5) (S 24,5,5) (S 41,11,4) (D 0,1,1)
 0 1 4 88 166  10 (D 0,1,1) (S 49,1,2) (S 69,2,13) (S 6,7,7) (S 8,4,4) (S 39,3,9) (S 46,9,15) (S 19,15,15) (S 7,8,8) (D 0,1,1)
 0 1 5 80 200  9 (D 0,1,1) (S 54,18,29) (S 15,29,29) (S 59,30,31) (S 36,32,27) (S 13,27,27) (S 50,11,24) (S 31,24,34) (D 0,1,1)
 0 1 6 108 209  18 (D 0,1,1) (S 33,6,18) (S 68,18,19) (S 9,19,19) (S 35,19,13) (S 74,13,2) (S 48,2,3) (S 21,3,3) (S 3,9,9) (S 30,9,8) (S 51,3,2) (S 73,2,8) (S 34,8,14) (S 10,20,20) (S 65,15,14) (S 23,14,14) (S 28,14,13) (D 0,1,1)
 0 1 7 127 242  19 (D 0,1,1) (S 40,19,20) (S 55,20,21) (S 20,21,21) (S 57,21,15) (S 18,16,16) (S 32,3,10) (S 1,10,10) (S 67,16,10) (S 29,10,9) (S 72,15,21) (S 45,21,22) (S 61,23,28) (S 70,28,22) (S 27,28,33) (S 37,33,34) (S 26,34,34) (S 38,33,32) (D 0,1,1)
