537
6
52379654
1747605744
 0 1 1 31 66  8 (D 0,1,1) (S 15,5,7) (S 4,7,7) (S 25,13,22) (S 14,22,2) (S 2,2,2) (S 35,2,1) (D 0,1,1)
 0 1 2 36 75  7 (D 0,1,1) (S 17,2,7) (S 36,13,14) (S 22,5,14) (S 10,14,14) (S 27,5,1) (D 0,1,1)
 0 1 3 39 82  7 (D 0,1,1) (S 31,19,20) (S 38,20,21) (S 16,3,8) (S 1,8,8) (S 29,8,20) (D 0,1,1)
 0 1 4 44 94  9 (D 0,1,1) (S 37,9,10) (S 5,10,10) (S 8,12,12) (S 21,10,18) (S 28,18,19) (S 18,19,9) (S 12,9,9) (D 0,1,1)
 0 1 5 37 102  11 (D 0,1,1) (S 30,5,6) (S 6,6,6) (S 20,6,15) (S 9,15,15) (S 3,3,3) (S 34,3,21) (S 32,3,4) (S 7,4,4) (S 26,4,1) (D 0,1,1)
 0 1 6 37 118  8 (D 0,1,1) (S 19,1,11) (S 11,11,11) (S 23,16,17) (S 24,17,18) (S 33,21,22) (S 13,2,4) (D 0,1,1)
