615
9
265772602
1747958332
 0 1 1 43 78  8 (D 0,1,1) (S 8,7,7) (S 25,8,14) (S 13,14,18) (S 31,18,17) (S 44,17,16) (S 43,16,15) (D 0,1,1)
 0 1 2 40 74  7 (D 0,1,1) (S 46,6,7) (S 20,7,13) (S 19,13,14) (S 11,17,17) (S 12,12,12) (D 0,1,1)
 0 1 3 45 82  7 (D 0,1,1) (S 32,20,21) (S 23,23,22) (S 22,23,24) (S 40,24,21) (S 4,20,20) (D 0,1,1)
 0 1 4 40 51  5 (D 0,1,1) (S 5,21,21) (S 35,21,15) (S 9,15,15) (D 0,1,1)
 0 1 5 30 56  5 (D 0,1,1) (S 16,6,11) (S 1,11,11) (S 36,11,1) (D 0,1,1)
 0 1 6 40 38  4 (D 0,1,1) (S 37,9,19) (S 2,19,19) (D 0,1,1)
 0 1 7 37 53  5 (D 0,1,1) (S 7,6,6) (S 42,12,11) (S 17,11,5) (D 0,1,1)
 0 1 8 39 54  6 (D 0,1,1) (S 48,1,9) (S 18,3,4) (S 41,4,5) (S 6,5,5) (D 0,1,1)
 0 1 9 44 72  8 (D 0,1,1) (S 15,5,2) (S 3,2,2) (S 10,10,10) (S 14,10,3) (S 21,3,9) (S 38,19,20) (D 0,1,1)
