270
8
953241539
1747605748
 0 1 1 25 27  3 (D 0,1,1) (S 6,2,2) (D 0,1,1)
 0 1 2 22 32  5 (D 0,1,1) (S 12,1,2) (S 11,2,9) (S 5,9,9) (D 0,1,1)
 0 1 3 16 30  4 (D 0,1,1) (S 2,4,4) (S 23,4,9) (D 0,1,1)
 0 1 4 20 32  5 (D 0,1,1) (S 15,1,5) (S 9,5,7) (S 4,7,7) (D 0,1,1)
 0 1 5 16 31  6 (D 0,1,1) (S 13,1,10) (S 1,8,8) (S 17,8,10) (S 24,2,5) (D 0,1,1)
 0 1 6 17 33  5 (D 0,1,1) (S 18,1,7) (S 7,11,11) (S 20,6,7) (D 0,1,1)
 0 1 7 18 41  6 (D 0,1,1) (S 22,3,6) (S 3,6,6) (S 8,6,9) (S 14,6,10) (D 0,1,1)
 0 1 8 20 44  6 (D 0,1,1) (S 10,1,3) (S 19,3,10) (S 21,3,11) (S 16,3,5) (D 0,1,1)
