15984
7
636148861
1747958456
 0 1 1 1799 2317  8 (D 0,1,1) (S 34,15,19) (S 8,19,19) (S 37,19,20) (S 40,20,19) (S 16,19,15) (S 44,15,12) (D 0,1,1)
 0 1 2 1725 1843  8 (D 0,1,1) (S 20,13,16) (S 7,16,16) (S 1,21,21) (S 33,14,10) (S 29,10,5) (S 12,5,4) (D 0,1,1)
 0 1 3 1740 2130  8 (D 0,1,1) (S 43,4,5) (S 4,5,5) (S 28,5,10) (S 6,10,10) (S 30,10,9) (S 39,9,8) (D 0,1,1)
 0 1 4 1774 2551  11 (D 0,1,1) (S 21,3,8) (S 22,8,13) (S 14,13,14) (S 5,17,17) (S 26,17,14) (S 47,14,13) (S 32,13,12) (S 31,11,12) (S 42,12,7) (D 0,1,1)
 0 1 5 1683 2067  8 (D 0,1,1) (S 18,3,4) (S 2,4,4) (S 25,4,3) (S 3,8,8) (S 41,8,7) (S 13,7,2) (D 0,1,1)
 0 1 6 1736 918  4 (D 0,1,1) (S 9,15,15) (S 19,15,16) (D 0,1,1)
 0 1 7 1699 1899  7 (D 0,1,1) (S 24,19,18) (S 36,18,11) (S 11,11,11) (S 10,2,2) (S 17,2,1) (D 0,1,1)
