805
6
903130776
1747958308
 0 1 1 26 28  4 (D 0,1,1) (S 10,36,36) (S 79,36,35) (D 0,1,1)
 0 1 2 104 108  10 (D 0,1,1) (S 29,1,33) (S 21,33,26) (S 4,26,26) (S 20,27,27) (S 18,28,28) (S 40,27,34) (S 47,34,35) (S 69,35,1) (D 0,1,1)
 0 1 3 163 193  22 (D 0,1,1) (S 9,11,11) (S 72,11,12) (S 50,12,6) (S 19,6,6) (S 3,13,13) (S 33,13,18) (S 11,18,18) (S 75,18,19) (S 54,19,13) (S 35,13,7) (S 81,13,17) (S 56,17,20) (S 12,20,20) (S 34,20,21) (S 42,21,22) (S 7,22,22) (S 51,25,24) (S 27,24,23) (S 45,23,20) (S 24,17,12) (D 0,1,1)
 0 1 4 51 73  6 (D 0,1,1) (S 77,1,11) (S 82,16,10) (S 38,10,9) (S 17,8,8) (D 0,1,1)
 0 1 5 155 199  23 (D 0,1,1) (S 43,1,2) (S 6,2,2) (S 70,2,3) (S 16,3,3) (S 44,3,37) (S 64,32,39) (S 25,39,5) (S 13,5,5) (S 46,4,3) (S 52,4,38) (S 14,38,38) (S 74,38,37) (S 2,37,37) (S 32,37,31) (S 1,31,31) (S 84,31,30) (S 8,30,30) (S 30,30,29) (S 5,29,29) (S 71,30,37) (S 22,2,6) (D 0,1,1)
 0 1 6 60 90  9 (D 0,1,1) (S 28,1,40) (S 31,40,8) (S 80,9,15) (S 15,15,15) (S 36,15,14) (S 76,15,9) (S 26,10,1) (D 0,1,1)
