41955
7
626916187
1747959425
 0 1 1 2000 5069  27 (D 0,1,1) (S 26,93,93) (S 93,35,35) (S 224,35,178) (S 171,194,145) (S 216,145,144) (S 190,293,120) (S 1,120,120) (S 17,104,104) (S 33,84,84) (S 175,253,254) (S 211,289,290) (S 158,279,280) (S 186,240,179) (S 220,231,232) (S 73,56,56) (S 2,42,42) (S 192,42,187) (S 231,284,49) (S 84,49,49) (S 142,199,200) (S 59,98,98) (S 21,65,65) (S 41,33,33) (S 94,79,79) (S 98,38,38) (D 0,1,1)
 0 1 2 1962 6630  51 (D 0,1,1) (S 132,146,133) (S 239,133,132) (S 118,54,54) (S 117,53,53) (S 39,22,22) (S 170,246,245) (S 172,179,180) (S 217,180,264) (S 180,207,61) (S 14,61,61) (S 79,60,60) (S 81,41,41) (S 156,233,68) (S 114,68,68) (S 127,230,229) (S 150,229,162) (S 197,162,161) (S 107,31,31) (S 143,136,129) (S 222,129,128) (S 62,23,23) (S 56,40,40) (S 119,116,116) (S 47,30,30) (S 72,48,48) (S 52,47,47) (S 9,36,36) (S 208,153,154) (S 202,154,156) (S 113,115,115) (S 50,114,114) (S 64,119,119) (S 165,220,221) (S 97,117,117) (S 131,219,271) (S 11,3,3) (S 80,105,105) (S 12,15,15) (S 36,34,34) (S 15,64,64) (S 99,101,101) (S 167,236,235) (S 140,235,274) (S 71,111,111) (S 232,195,196) (S 141,35,206) (S 16,89,89) (S 57,80,80) (S 32,16,16) (D 0,1,1)
 0 1 3 1999 6999  37 (D 0,1,1) (S 49,63,63) (S 24,67,67) (S 109,110,110) (S 77,37,37) (S 44,70,70) (S 90,27,27) (S 177,151,152) (S 201,152,285) (S 70,8,8) (S 10,92,92) (S 187,224,278) (S 204,288,217) (S 215,257,258) (S 110,52,52) (S 157,223,222) (S 134,175,174) (S 126,163,164) (S 166,175,237) (S 161,237,32) (S 60,32,32) (S 138,238,239) (S 86,113,113) (S 65,57,57) (S 85,17,17) (S 51,75,75) (S 144,159,158) (S 194,184,152) (S 240,152,142) (S 45,77,77) (S 155,176,177) (S 184,141,219) (S 207,219,218) (S 115,44,44) (S 147,198,180) (S 25,85,85) (D 0,1,1)
 0 1 4 1872 5510  33 (D 0,1,1) (S 30,118,118) (S 101,96,96) (S 102,46,46) (S 48,71,71) (S 213,212,201) (S 214,209,208) (S 189,148,147) (S 121,191,190) (S 173,135,134) (S 76,26,26) (S 174,213,214) (S 130,270,255) (S 146,255,256) (S 238,270,269) (S 27,9,9) (S 188,9,127) (S 152,140,139) (S 212,171,108) (S 58,108,108) (S 196,205,197) (S 128,167,168) (S 88,86,86) (S 169,234,45) (S 111,45,45) (S 96,88,88) (S 55,51,51) (S 40,112,112) (S 87,81,81) (S 95,90,90) (S 69,73,73) (S 4,82,82) (D 0,1,1)
 0 1 5 1960 6103  42 (D 0,1,1) (S 120,58,58) (S 203,192,193) (S 230,157,149) (S 233,149,150) (S 200,150,250) (S 136,248,247) (S 91,102,102) (S 61,103,103) (S 105,97,97) (S 23,99,99) (S 54,91,91) (S 19,43,43) (S 183,282,283) (S 229,215,125) (S 191,125,126) (S 13,13,13) (S 74,21,21) (S 89,78,78) (S 133,78,259) (S 104,6,6) (S 28,72,72) (S 116,2,2) (S 103,28,28) (S 185,272,273) (S 162,130,131) (S 53,12,12) (S 112,59,59) (S 163,287,286) (S 125,122,121) (S 149,121,143) (S 154,227,228) (S 106,109,109) (S 199,182,181) (S 66,20,20) (S 100,39,39) (S 159,263,262) (S 228,277,276) (S 31,29,29) (S 22,11,11) (S 78,5,5) (D 0,1,1)
 0 1 6 1697 3241  10 (D 0,1,1) (S 226,267,268) (S 137,166,165) (S 195,165,298) (S 108,107,107) (S 46,19,19) (S 209,106,299) (S 42,106,106) (S 123,260,261) (D 0,1,1)
 0 1 7 1992 6667  42 (D 0,1,1) (S 6,7,7) (S 82,62,62) (S 235,201,202) (S 43,25,25) (S 63,69,69) (S 237,188,189) (S 122,137,249) (S 193,137,138) (S 83,14,14) (S 164,211,210) (S 135,210,1) (S 8,1,1) (S 75,66,66) (S 178,170,169) (S 206,243,244) (S 198,297,296) (S 210,295,294) (S 18,10,10) (S 148,10,123) (S 151,123,124) (S 7,74,74) (S 181,74,275) (S 38,87,87) (S 20,76,76) (S 34,95,95) (S 92,24,24) (S 29,83,83) (S 68,94,94) (S 176,281,203) (S 160,203,204) (S 129,204,242) (S 205,242,241) (S 35,55,55) (S 234,226,225) (S 67,4,4) (S 223,172,173) (S 3,50,50) (S 218,185,186) (S 37,100,100) (S 5,18,18) (D 0,1,1)
