1220
9
649745478
1747958338
 0 1 1 74 136  10 (D 0,1,1) (S 31,17,18) (S 37,18,22) (S 27,22,21) (S 70,22,28) (S 41,28,27) (S 38,27,21) (S 36,21,20) (S 15,20,20) (D 0,1,1)
 0 1 2 72 109  8 (D 0,1,1) (S 30,24,25) (S 46,25,26) (S 2,26,26) (S 76,26,32) (S 5,19,19) (S 11,16,16) (D 0,1,1)
 0 1 3 74 126  8 (D 0,1,1) (S 68,1,2) (S 4,25,25) (S 58,35,36) (S 84,36,32) (S 9,27,27) (S 80,27,20) (D 0,1,1)
 0 1 4 72 141  10 (D 0,1,1) (S 22,34,34) (S 73,34,38) (S 51,38,34) (S 87,34,29) (S 13,30,30) (S 55,30,29) (S 6,29,29) (S 57,8,7) (D 0,1,1)
 0 1 5 62 93  8 (D 0,1,1) (S 48,2,8) (S 29,8,9) (S 23,9,14) (S 8,14,14) (S 21,23,23) (S 89,13,7) (D 0,1,1)
 0 1 6 75 142  14 (D 0,1,1) (S 12,2,2) (S 26,3,9) (S 69,38,39) (S 3,39,39) (S 47,39,36) (S 25,36,40) (S 7,40,40) (S 81,40,41) (S 54,41,37) (S 64,37,33) (S 93,33,27) (S 90,16,15) (D 0,1,1)
 0 1 7 72 92  10 (D 0,1,1) (S 1,11,11) (S 28,11,17) (S 17,17,17) (S 34,6,5) (S 24,5,4) (S 20,4,4) (S 49,4,10) (S 74,7,1) (D 0,1,1)
 0 1 8 53 80  7 (D 0,1,1) (S 16,15,15) (S 18,10,10) (S 14,12,12) (S 35,11,10) (S 32,10,9) (D 0,1,1)
 0 1 9 73 149  11 (D 0,1,1) (S 92,1,7) (S 77,7,8) (S 75,14,24) (S 19,24,24) (S 83,31,35) (S 10,35,35) (S 45,29,23) (S 53,23,13) (S 88,13,14) (D 0,1,1)
