287
7
632199900
1747958367
 0 1 1 20 43  7 (D 0,1,1) (S 12,13,13) (S 36,13,14) (S 5,14,14) (S 27,18,17) (S 28,16,12) (D 0,1,1)
 0 1 2 19 36  6 (D 0,1,1) (S 19,10,20) (S 37,20,23) (S 23,23,22) (S 31,22,19) (D 0,1,1)
 0 1 3 20 42  8 (D 0,1,1) (S 2,9,9) (S 22,9,19) (S 40,19,20) (S 33,23,24) (S 15,24,21) (S 34,21,20) (D 0,1,1)
 0 1 4 19 36  6 (D 0,1,1) (S 32,4,5) (S 8,5,5) (S 14,5,10) (S 17,10,11) (D 0,1,1)
 0 1 5 19 44  7 (D 0,1,1) (S 25,2,4) (S 16,6,7) (S 6,7,7) (S 9,8,8) (S 35,8,7) (D 0,1,1)
 0 1 6 20 41  9 (D 0,1,1) (S 4,2,2) (S 11,11,11) (S 21,11,15) (S 26,15,16) (S 3,16,16) (S 29,16,15) (S 24,15,21) (D 0,1,1)
 0 1 7 20 37  8 (D 0,1,1) (S 7,3,3) (S 20,3,4) (S 10,4,4) (S 38,5,6) (S 1,6,6) (S 13,12,12) (D 0,1,1)
