1320
7
784774505
1747605994
 0 1 1 79 150  19 (D 0,1,1) (S 110,15,16) (S 2,16,16) (S 113,16,15) (S 55,15,23) (S 88,14,15) (S 111,15,14) (S 80,13,7) (S 21,7,7) (S 77,7,8) (S 68,8,7) (S 67,7,2) (S 96,2,7) (S 116,3,4) (S 100,4,10) (S 69,10,4) (S 24,10,10) (S 47,10,9) (D 0,1,1)
 0 1 2 91 151  20 (D 0,1,1) (S 85,20,19) (S 4,19,19) (S 17,26,26) (S 92,26,19) (S 42,19,11) (S 33,26,34) (S 74,40,47) (S 112,47,40) (S 57,40,33) (S 109,33,34) (S 49,20,30) (S 103,30,34) (S 8,34,34) (S 123,40,34) (S 54,26,29) (S 22,29,29) (S 104,29,18) (S 91,18,19) (D 0,1,1)
 0 1 3 89 177  19 (D 0,1,1) (S 108,21,27) (S 70,27,35) (S 84,42,44) (S 19,44,44) (S 114,44,49) (S 26,49,49) (S 64,49,44) (S 121,49,50) (S 3,50,50) (S 44,50,43) (S 53,38,45) (S 122,45,50) (S 89,50,45) (S 120,43,42) (S 32,42,36) (S 13,36,36) (S 83,36,37) (D 0,1,1)
 0 1 4 97 195  19 (D 0,1,1) (S 37,29,33) (S 62,33,40) (S 39,40,41) (S 76,41,35) (S 71,31,32) (S 11,28,28) (S 9,37,37) (S 125,37,31) (S 1,31,31) (S 117,38,32) (S 75,28,38) (S 56,38,37) (S 35,25,28) (S 6,32,32) (S 50,32,24) (S 14,24,24) (S 115,24,16) (D 0,1,1)
 0 1 5 116 207  18 (D 0,1,1) (S 79,5,18) (S 20,18,18) (S 82,18,29) (S 36,34,35) (S 27,35,35) (S 119,35,27) (S 5,27,27) (S 45,39,33) (S 48,33,46) (S 29,46,46) (S 101,47,48) (S 16,48,48) (S 31,48,41) (S 105,41,42) (S 60,42,41) (S 65,48,47) (D 0,1,1)
 0 1 6 113 200  22 (D 0,1,1) (S 66,1,2) (S 28,2,2) (S 46,2,3) (S 34,3,9) (S 93,15,9) (S 10,9,9) (S 87,9,16) (S 59,16,9) (S 23,8,8) (S 51,6,12) (S 30,12,12) (S 99,13,12) (S 95,12,20) (S 98,20,12) (S 43,20,21) (S 107,21,13) (S 52,12,11) (S 97,11,5) (S 86,5,11) (S 78,5,6) (D 0,1,1)
 0 1 7 119 240  22 (D 0,1,1) (S 38,16,17) (S 81,17,25) (S 106,25,24) (S 63,24,23) (S 118,38,43) (S 94,43,38) (S 102,38,28) (S 15,43,43) (S 61,43,37) (S 73,21,22) (S 7,22,22) (S 12,23,23) (S 41,22,14) (S 58,14,13) (S 72,13,14) (S 25,13,13) (S 18,6,6) (S 40,6,1) (S 90,1,5) (S 124,5,1) (D 0,1,1)
