524
8
421076137
1747605742
 0 1 1 27 35  4 (D 0,1,1) (S 22,1,7) (S 5,7,7) (D 0,1,1)
 0 1 2 19 72  4 (D 0,1,1) (S 18,1,8) (S 19,8,9) (D 0,1,1)
 0 1 3 24 54  4 (D 0,1,1) (S 11,7,9) (S 2,9,9) (D 0,1,1)
 0 1 4 27 49  4 (D 0,1,1) (S 12,2,3) (S 23,3,1) (D 0,1,1)
 0 1 5 30 51  4 (D 0,1,1) (S 6,5,5) (S 24,2,1) (D 0,1,1)
 0 1 6 37 75  6 (D 0,1,1) (S 1,2,2) (S 15,2,5) (S 13,5,6) (S 8,6,7) (D 0,1,1)
 0 1 7 40 85  8 (D 0,1,1) (S 14,4,5) (S 9,5,7) (S 20,3,6) (S 3,6,6) (S 7,3,3) (S 17,3,7) (D 0,1,1)
 0 1 8 41 103  6 (D 0,1,1) (S 10,7,8) (S 16,8,10) (S 4,4,4) (S 21,4,1) (D 0,1,1)
