1220
9
552248620
1747958302
 0 1 1 73 156  15 (D 0,1,1) (S 25,11,17) (S 76,17,20) (S 80,27,33) (S 95,33,27) (S 27,27,32) (S 67,32,36) (S 14,36,36) (S 22,36,40) (S 83,40,41) (S 16,41,41) (S 49,41,37) (S 12,37,37) (S 96,20,17) (D 0,1,1)
 0 1 2 73 153  10 (D 0,1,1) (S 86,13,23) (S 72,23,24) (S 61,29,30) (S 30,30,31) (S 52,35,36) (S 87,36,32) (S 82,27,20) (S 91,20,19) (D 0,1,1)
 0 1 3 69 140  9 (D 0,1,1) (S 46,10,15) (S 84,31,35) (S 59,40,39) (S 6,39,39) (S 69,39,38) (S 51,38,34) (S 89,34,29) (D 0,1,1)
 0 1 4 74 119  10 (D 0,1,1) (S 4,17,17) (S 36,18,22) (S 65,22,28) (S 40,28,27) (S 34,21,20) (S 17,20,20) (S 9,15,15) (S 38,15,10) (D 0,1,1)
 0 1 5 72 93  7 (D 0,1,1) (S 8,14,14) (S 7,23,23) (S 88,23,29) (S 44,29,23) (S 92,13,7) (D 0,1,1)
 0 1 6 72 136  11 (D 0,1,1) (S 32,15,25) (S 45,25,26) (S 77,26,32) (S 93,19,16) (S 29,16,17) (S 62,11,5) (S 71,4,3) (S 1,3,3) (S 33,9,8) (D 0,1,1)
 0 1 7 74 149  16 (D 0,1,1) (S 63,1,2) (S 11,2,2) (S 3,16,16) (S 73,16,19) (S 15,19,19) (S 55,19,26) (S 2,26,26) (S 85,26,25) (S 31,25,31) (S 60,31,32) (S 19,27,27) (S 41,27,26) (S 10,24,24) (S 57,24,14) (D 0,1,1)
 0 1 8 73 102  10 (D 0,1,1) (S 28,10,11) (S 5,11,11) (S 70,11,12) (S 18,12,12) (S 21,6,5) (S 20,5,4) (S 47,4,10) (S 74,7,1) (D 0,1,1)
 0 1 9 47 37  4 (D 0,1,1) (S 78,7,8) (S 13,9,9) (D 0,1,1)
