720
7
883928978
1747605742
 0 1 1 23 43  3 (D 0,1,1) (S 5,4,4) (D 0,1,1)
 0 1 2 29 103  4 (D 0,1,1) (S 14,10,11) (S 6,11,11) (D 0,1,1)
 0 1 3 26 74  4 (D 0,1,1) (S 9,6,10) (S 1,5,5) (D 0,1,1)
 0 1 4 35 61  5 (D 0,1,1) (S 11,1,2) (S 2,2,2) (S 15,2,6) (D 0,1,1)
 0 1 5 30 64  5 (D 0,1,1) (S 17,1,3) (S 3,3,3) (S 20,1,4) (D 0,1,1)
 0 1 6 34 183  7 (D 0,1,1) (S 7,2,7) (S 10,7,9) (S 12,8,9) (S 4,9,9) (S 19,8,12) (D 0,1,1)
 0 1 7 35 192  6 (D 0,1,1) (S 13,4,11) (S 8,11,13) (S 16,6,12) (S 18,12,13) (D 0,1,1)
