782
9
855913449
1747958442
 0 1 1 37 96  6 (D 0,1,1) (S 18,11,15) (S 9,15,15) (S 8,12,12) (S 25,12,11) (D 0,1,1)
 0 1 2 38 95  6 (D 0,1,1) (S 24,5,11) (S 4,16,16) (S 3,17,17) (S 38,17,13) (D 0,1,1)
 0 1 3 38 122  9 (D 0,1,1) (S 1,6,6) (S 37,7,8) (S 6,8,8) (S 7,14,14) (S 40,14,18) (S 11,18,18) (S 32,11,5) (D 0,1,1)
 0 1 4 35 88  4 (D 0,1,1) (S 30,21,24) (S 14,24,24) (D 0,1,1)
 0 1 5 39 95  7 (D 0,1,1) (S 34,9,19) (S 15,20,20) (S 28,20,23) (S 13,23,23) (S 36,23,20) (D 0,1,1)
 0 1 6 37 76  5 (D 0,1,1) (S 23,4,5) (S 21,5,10) (S 5,10,10) (D 0,1,1)
 0 1 7 40 86  6 (D 0,1,1) (S 27,1,3) (S 17,19,22) (S 12,22,22) (S 2,19,19) (D 0,1,1)
 0 1 8 39 85  7 (D 0,1,1) (S 20,9,10) (S 29,9,3) (S 16,3,3) (S 22,3,4) (S 19,1,2) (D 0,1,1)
 0 1 9 7 15  3 (D 0,1,1) (S 10,2,2) (D 0,1,1)
