520
6
881572187
1747958282
 0 1 1 23 66  7 (D 0,1,1) (S 10,1,5) (S 31,5,6) (S 18,6,15) (S 6,15,15) (S 41,6,11) (D 0,1,1)
 0 1 2 50 87  6 (D 0,1,1) (S 21,10,18) (S 15,16,11) (S 7,11,11) (S 9,11,4) (D 0,1,1)
 0 1 3 27 62  5 (D 0,1,1) (S 8,2,2) (S 33,2,4) (S 26,4,1) (D 0,1,1)
 0 1 4 43 92  8 (D 0,1,1) (S 5,7,7) (S 27,7,13) (S 1,13,13) (S 39,13,14) (S 16,14,5) (S 24,14,15) (D 0,1,1)
 0 1 5 36 79  6 (D 0,1,1) (S 22,2,5) (S 30,8,20) (S 11,21,3) (S 19,3,9) (D 0,1,1)
 0 1 6 45 62  7 (D 0,1,1) (S 34,1,9) (S 4,9,9) (S 14,19,20) (S 3,20,20) (S 2,8,8) (D 0,1,1)
