259
8
603895816
1747605745
 0 1 1 19 23  5 (D 0,1,1) (S 21,1,8) (S 3,8,8) (S 9,2,2) (D 0,1,1)
 0 1 2 13 27  4 (D 0,1,1) (S 25,6,7) (S 18,7,10) (D 0,1,1)
 0 1 3 15 29  5 (D 0,1,1) (S 7,4,4) (S 20,4,7) (S 26,7,8) (D 0,1,1)
 0 1 4 21 35  4 (D 0,1,1) (S 12,4,9) (S 8,9,9) (D 0,1,1)
 0 1 5 18 28  7 (D 0,1,1) (S 11,1,2) (S 17,2,8) (S 22,1,7) (S 1,7,7) (S 13,7,11) (D 0,1,1)
 0 1 6 19 34  8 (D 0,1,1) (S 15,1,11) (S 24,6,11) (S 16,1,3) (S 2,3,3) (S 23,3,10) (S 6,10,10) (D 0,1,1)
 0 1 7 23 39  5 (D 0,1,1) (S 19,3,5) (S 10,2,3) (S 27,3,11) (D 0,1,1)
 0 1 8 26 44  6 (D 0,1,1) (S 28,2,5) (S 4,5,5) (S 14,5,7) (S 5,6,6) (D 0,1,1)
