270
8
146493372
1747605739
 0 1 1 14 26  5 (D 0,1,1) (S 15,1,6) (S 3,6,6) (S 28,6,9) (D 0,1,1)
 0 1 2 17 25  4 (D 0,1,1) (S 20,2,4) (S 23,4,8) (D 0,1,1)
 0 1 3 18 24  4 (D 0,1,1) (S 5,3,3) (S 10,3,11) (D 0,1,1)
 0 1 4 14 32  5 (D 0,1,1) (S 18,2,9) (S 6,9,9) (S 14,6,10) (D 0,1,1)
 0 1 5 17 34  7 (D 0,1,1) (S 21,4,7) (S 26,7,8) (S 22,8,10) (S 2,8,8) (S 8,10,1) (D 0,1,1)
 0 1 6 25 39  4 (D 0,1,1) (S 1,2,2) (S 11,4,9) (D 0,1,1)
 0 1 7 22 40  8 (D 0,1,1) (S 16,1,3) (S 24,3,10) (S 17,1,11) (S 13,1,2) (S 27,2,6) (S 25,6,11) (D 0,1,1)
 0 1 8 27 50  7 (D 0,1,1) (S 9,1,5) (S 7,5,7) (S 4,7,7) (S 19,7,9) (S 12,9,10) (D 0,1,1)
