1143
9
616469368
1747958426
 0 1 1 74 122  8 (D 0,1,1) (S 44,8,9) (S 6,10,10) (S 67,10,11) (S 24,11,11) (S 74,5,4) (S 15,4,4) (D 0,1,1)
 0 1 2 75 126  12 (D 0,1,1) (S 30,22,23) (S 12,23,23) (S 64,22,28) (S 19,28,28) (S 51,28,34) (S 34,34,33) (S 72,33,32) (S 21,32,32) (S 46,32,31) (S 69,29,25) (D 0,1,1)
 0 1 3 73 126  10 (D 0,1,1) (S 49,19,20) (S 54,20,26) (S 27,27,27) (S 42,27,21) (S 26,21,21) (S 68,21,15) (S 5,15,15) (S 41,15,14) (D 0,1,1)
 0 1 4 66 108  9 (D 0,1,1) (S 31,13,14) (S 8,8,8) (S 57,15,9) (S 3,9,9) (S 1,16,16) (S 70,10,3) (S 25,3,3) (D 0,1,1)
 0 1 5 75 162  10 (D 0,1,1) (S 11,13,13) (S 62,16,23) (S 7,34,34) (S 9,24,24) (S 47,17,11) (S 60,11,5) (S 73,5,11) (S 43,11,10) (D 0,1,1)
 0 1 6 73 125  10 (D 0,1,1) (S 28,6,12) (S 35,13,19) (S 33,19,25) (S 39,25,26) (S 10,26,26) (S 66,26,20) (S 16,20,20) (S 56,20,14) (D 0,1,1)
 0 1 7 75 144  12 (D 0,1,1) (S 52,2,8) (S 14,14,14) (S 23,25,25) (S 71,25,30) (S 2,30,30) (S 20,29,29) (S 59,29,18) (S 18,18,18) (S 48,18,12) (S 55,7,6) (D 0,1,1)
 0 1 8 74 126  9 (D 0,1,1) (S 13,2,2) (S 37,2,13) (S 22,12,12) (S 36,12,19) (S 45,19,18) (S 17,7,7) (S 75,7,1) (D 0,1,1)
 0 1 9 29 33  3 (D 0,1,1) (S 4,6,6) (D 0,1,1)
