1221
9
87601625
1747958306
 0 1 1 74 144  11 (D 0,1,1) (S 74,10,3) (S 49,3,4) (S 29,4,10) (S 35,10,16) (S 59,16,23) (S 13,23,23) (S 23,23,28) (S 51,28,34) (S 22,27,26) (D 0,1,1)
 0 1 2 73 120  8 (D 0,1,1) (S 17,32,32) (S 44,32,31) (S 18,31,30) (S 20,30,29) (S 73,29,25) (S 10,25,25) (D 0,1,1)
 0 1 3 67 118  10 (D 0,1,1) (S 30,12,13) (S 67,14,20) (S 56,20,14) (S 38,14,15) (S 14,15,15) (S 79,5,4) (S 2,4,4) (S 46,3,2) (D 0,1,1)
 0 1 4 64 99  7 (D 0,1,1) (S 21,1,2) (S 1,2,2) (S 53,2,8) (S 33,8,14) (S 3,13,13) (D 0,1,1)
 0 1 5 44 66  5 (D 0,1,1) (S 42,12,18) (S 15,18,18) (S 57,29,18) (D 0,1,1)
 0 1 6 75 153  11 (D 0,1,1) (S 65,1,7) (S 52,7,13) (S 41,8,9) (S 36,16,17) (S 61,17,24) (S 11,24,24) (S 62,22,28) (S 12,28,28) (S 4,34,34) (D 0,1,1)
 0 1 7 73 137  11 (D 0,1,1) (S 78,1,6) (S 6,9,9) (S 32,9,3) (S 48,3,10) (S 71,10,11) (S 8,11,11) (S 75,11,24) (S 60,24,17) (S 72,16,15) (D 0,1,1)
 0 1 8 75 150  12 (D 0,1,1) (S 25,15,22) (S 27,22,23) (S 9,21,21) (S 24,21,27) (S 66,27,32) (S 58,32,33) (S 5,33,33) (S 77,33,32) (S 68,26,20) (S 64,6,1) (D 0,1,1)
 0 1 9 69 96  8 (D 0,1,1) (S 34,6,12) (S 37,12,19) (S 16,19,19) (S 50,19,20) (S 7,7,7) (S 83,7,1) (D 0,1,1)
