471
6
907668358
1747605736
 0 1 1 5 55  5 (D 0,1,1) (S 3,2,2) (S 4,9,9) (S 11,9,10) (D 0,1,1)
 0 1 2 5 65  7 (D 0,1,1) (S 10,2,3) (S 24,3,5) (S 1,3,3) (S 5,5,5) (S 17,5,6) (D 0,1,1)
 0 1 3 5 49  7 (D 0,1,1) (S 16,1,12) (S 2,6,6) (S 7,6,7) (S 22,1,7) (S 23,7,12) (D 0,1,1)
 0 1 4 2 82  4 (D 0,1,1) (S 21,12,13) (S 15,5,13) (D 0,1,1)
 0 1 5 4 105  6 (D 0,1,1) (S 20,1,10) (S 9,10,11) (S 8,11,5) (S 14,3,13) (D 0,1,1)
 0 1 6 5 115  7 (D 0,1,1) (S 13,7,8) (S 6,8,10) (S 18,8,11) (S 19,1,4) (S 12,4,13) (D 0,1,1)
