1125
6
142911878
1747606414
 0 1 1 75 128  10 (D 0,1,1) (S 13,6,6) (S 58,6,7) (S 3,7,7) (S 21,4,4) (S 67,5,8) (S 42,8,5) (S 64,1,8) (S 70,8,1) (D 0,1,1)
 0 1 2 84 151  11 (D 0,1,1) (S 6,13,13) (S 24,13,14) (S 36,14,17) (S 26,14,8) (S 16,8,8) (S 28,8,9) (S 66,9,10) (S 65,10,3) (S 9,10,10) (D 0,1,1)
 0 1 3 78 176  16 (D 0,1,1) (S 31,15,19) (S 11,23,23) (S 54,23,30) (S 7,30,30) (S 17,25,25) (S 73,25,22) (S 76,22,17) (S 43,18,26) (S 20,26,26) (S 27,26,30) (S 71,22,21) (S 51,21,22) (S 29,22,29) (S 56,29,25) (D 0,1,1)
 0 1 4 100 193  17 (D 0,1,1) (S 61,13,16) (S 49,16,20) (S 5,20,20) (S 25,16,17) (S 47,18,17) (S 23,17,17) (S 39,14,15) (S 40,2,9) (S 41,9,15) (S 4,15,15) (S 1,9,9) (S 19,2,2) (S 37,2,1) (S 77,1,5) (S 63,5,1) (D 0,1,1)
 0 1 5 113 227  14 (D 0,1,1) (S 15,28,28) (S 62,28,21) (S 18,21,21) (S 14,29,29) (S 34,22,23) (S 35,15,18) (S 2,18,18) (S 30,18,19) (S 33,19,10) (S 44,3,10) (S 32,10,15) (S 48,15,8) (D 0,1,1)
 0 1 6 116 250  21 (D 0,1,1) (S 69,20,21) (S 75,21,20) (S 38,20,24) (S 12,24,24) (S 45,24,28) (S 60,28,24) (S 59,28,27) (S 55,27,24) (S 52,20,27) (S 68,27,20) (S 53,20,11) (S 57,12,11) (S 10,11,11) (S 74,11,16) (S 22,16,16) (S 72,12,16) (S 50,16,13) (S 8,12,12) (S 46,13,8) (D 0,1,1)
