74577
104
395567861
1747607496
 0 1 1 93 459  3 (D 0,1,1) (S 30,81,81) (D 0,1,1)
 0 1 2 103 648  3 (D 0,1,1) (S 86,109,108) (D 0,1,1)
 0 1 3 99 821  3 (D 0,1,1) (S 88,41,47) (D 0,1,1)
 0 1 4 69 518  3 (D 0,1,1) (S 97,91,66) (D 0,1,1)
 0 1 5 69 518  3 (D 0,1,1) (S 102,66,91) (D 0,1,1)
 0 1 6 67 540  3 (D 0,1,1) (S 185,124,4) (D 0,1,1)
 0 1 7 99 821  3 (D 0,1,1) (S 290,47,41) (D 0,1,1)
 0 1 8 67 524  3 (D 0,1,1) (S 379,68,90) (D 0,1,1)
 0 1 9 67 540  3 (D 0,1,1) (S 384,4,124) (D 0,1,1)
 0 1 10 72 864  5 (D 0,1,1) (S 133,33,11) (S 14,11,11) (S 285,11,33) (D 0,1,1)
 0 1 11 62 720  4 (D 0,1,1) (S 265,59,61) (S 331,61,59) (D 0,1,1)
 0 1 12 64 406  4 (D 0,1,1) (S 373,123,125) (S 204,125,123) (D 0,1,1)
 0 1 13 70 1106  4 (D 0,1,1) (S 223,20,21) (S 20,21,21) (D 0,1,1)
 0 1 14 64 342  4 (D 0,1,1) (S 152,120,123) (S 330,123,120) (D 0,1,1)
 0 1 15 70 382  4 (D 0,1,1) (S 343,118,91) (S 354,91,118) (D 0,1,1)
 0 1 16 70 504  4 (D 0,1,1) (S 94,126,130) (S 272,130,126) (D 0,1,1)
 0 1 17 72 272  4 (D 0,1,1) (S 212,115,114) (S 347,114,115) (D 0,1,1)
 0 1 18 72 644  4 (D 0,1,1) (S 174,71,75) (S 80,75,71) (D 0,1,1)
 0 1 19 65 612  5 (D 0,1,1) (S 259,95,96) (S 60,96,95) (S 274,95,94) (D 0,1,1)
 0 1 20 74 602  4 (D 0,1,1) (S 287,66,62) (S 367,62,66) (D 0,1,1)
 0 1 21 97 379  8 (D 0,1,1) (S 172,122,87) (S 12,87,87) (S 200,87,86) (S 26,86,86) (S 218,86,87) (S 120,87,122) (D 0,1,1)
 0 1 22 74 670  4 (D 0,1,1) (S 380,99,97) (S 394,97,99) (D 0,1,1)
 0 1 23 66 502  6 (D 0,1,1) (S 361,126,131) (S 238,132,133) (S 103,133,132) (S 360,131,126) (D 0,1,1)
 0 1 24 74 1062  4 (D 0,1,1) (S 277,8,9) (S 356,9,8) (D 0,1,1)
 0 1 25 80 694  4 (D 0,1,1) (S 345,58,59) (S 77,59,58) (D 0,1,1)
 0 1 26 72 698  4 (D 0,1,1) (S 90,73,44) (S 76,44,73) (D 0,1,1)
 0 1 27 92 702  8 (D 0,1,1) (S 165,37,36) (S 15,36,36) (S 140,36,35) (S 23,35,35) (S 279,35,36) (S 409,36,37) (D 0,1,1)
 0 1 28 82 614  4 (D 0,1,1) (S 38,128,3) (S 296,3,128) (D 0,1,1)
 0 1 29 74 442  6 (D 0,1,1) (S 230,86,85) (S 9,85,85) (S 183,84,82) (S 227,82,84) (D 0,1,1)
 0 1 30 95 988  5 (D 0,1,1) (S 29,30,30) (S 17,27,27) (S 294,27,11) (D 0,1,1)
 0 1 31 79 1007  6 (D 0,1,1) (S 211,8,6) (S 11,6,6) (S 351,6,8) (S 401,8,11) (D 0,1,1)
 0 1 32 61 766  5 (D 0,1,1) (S 50,61,49) (S 216,49,61) (S 160,61,60) (D 0,1,1)
 0 1 33 84 496  4 (D 0,1,1) (S 72,103,102) (S 257,102,103) (D 0,1,1)
 0 1 34 66 724  7 (D 0,1,1) (S 121,55,140) (S 243,140,55) (S 130,55,56) (S 246,56,55) (S 231,56,65) (D 0,1,1)
 0 1 35 75 846  5 (D 0,1,1) (S 181,139,33) (S 392,33,139) (S 145,139,34) (D 0,1,1)
 0 1 36 61 774  7 (D 0,1,1) (S 215,41,40) (S 131,40,41) (S 203,38,39) (S 162,39,38) (S 57,38,36) (D 0,1,1)
 0 1 37 92 428  4 (D 0,1,1) (S 39,113,103) (S 159,103,113) (D 0,1,1)
 0 1 38 87 1028  8 (D 0,1,1) (S 22,16,16) (S 78,16,15) (S 325,15,16) (S 148,15,10) (S 2,10,10) (S 42,10,15) (D 0,1,1)
 0 1 39 64 758  5 (D 0,1,1) (S 124,44,45) (S 309,45,60) (S 311,60,61) (D 0,1,1)
 0 1 40 86 660  6 (D 0,1,1) (S 403,100,99) (S 37,99,96) (S 350,96,99) (S 293,99,100) (D 0,1,1)
 0 1 41 82 584  7 (D 0,1,1) (S 112,133,135) (S 8,135,135) (S 65,135,134) (S 111,134,135) (S 320,135,133) (D 0,1,1)
 0 1 42 98 368  4 (D 0,1,1) (S 323,117,118) (S 193,118,117) (D 0,1,1)
 0 1 43 66 522  6 (D 0,1,1) (S 258,127,128) (S 377,128,127) (S 179,127,129) (S 197,129,127) (D 0,1,1)
 0 1 44 74 442  8 (D 0,1,1) (S 266,105,104) (S 13,104,104) (S 49,104,105) (S 10,105,105) (S 353,105,106) (S 107,106,105) (D 0,1,1)
 0 1 45 68 572  6 (D 0,1,1) (S 87,94,93) (S 358,93,94) (S 220,94,100) (S 59,100,94) (D 0,1,1)
 0 1 46 72 652  9 (D 0,1,1) (S 378,63,64) (S 333,64,63) (S 19,63,63) (S 389,63,62) (S 256,62,63) (S 35,62,57) (S 301,57,62) (D 0,1,1)
 0 1 47 66 682  6 (D 0,1,1) (S 366,42,37) (S 283,37,42) (S 196,43,37) (S 240,37,43) (D 0,1,1)
 0 1 48 104 1008  4 (D 0,1,1) (S 186,33,29) (S 168,29,33) (D 0,1,1)
 0 1 49 73 529  6 (D 0,1,1) (S 24,136,136) (S 96,136,138) (S 292,138,136) (S 312,138,131) (D 0,1,1)
 0 1 50 80 1098  6 (D 0,1,1) (S 295,19,10) (S 264,10,9) (S 308,9,10) (S 397,10,19) (D 0,1,1)
 0 1 51 89 1119  4 (D 0,1,1) (S 348,30,31) (S 83,26,25) (D 0,1,1)
 0 1 52 66 535  6 (D 0,1,1) (S 99,83,81) (S 146,81,83) (S 289,82,80) (S 93,80,82) (D 0,1,1)
 0 1 53 119 664  4 (D 0,1,1) (S 217,108,109) (S 6,109,109) (D 0,1,1)
 0 1 54 76 464  4 (D 0,1,1) (S 208,108,106) (S 252,106,108) (D 0,1,1)
 0 1 55 88 1047  5 (D 0,1,1) (S 195,11,27) (S 137,27,25) (S 62,25,27) (D 0,1,1)
 0 1 56 76 674  8 (D 0,1,1) (S 232,72,74) (S 85,74,73) (S 341,73,74) (S 69,74,72) (S 244,72,73) (S 263,73,72) (D 0,1,1)
 0 1 57 76 504  7 (D 0,1,1) (S 319,84,83) (S 406,83,84) (S 338,84,85) (S 44,85,84) (S 269,85,86) (D 0,1,1)
 0 1 58 98 776  4 (D 0,1,1) (S 305,57,56) (S 199,56,57) (D 0,1,1)
 0 1 59 81 826  7 (D 0,1,1) (S 81,36,38) (S 280,38,41) (S 105,41,38) (S 390,39,40) (S 116,40,39) (D 0,1,1)
 0 1 60 98 901  4 (D 0,1,1) (S 190,34,139) (S 316,139,48) (D 0,1,1)
 0 1 61 88 1157  5 (D 0,1,1) (S 110,25,26) (S 79,26,23) (S 282,23,26) (D 0,1,1)
 0 1 62 88 1026  7 (D 0,1,1) (S 245,13,14) (S 16,14,14) (S 89,14,13) (S 352,13,12) (S 233,12,13) (D 0,1,1)
 0 1 63 94 734  4 (D 0,1,1) (S 359,76,75) (S 47,75,76) (D 0,1,1)
 0 1 64 89 700  7 (D 0,1,1) (S 156,94,95) (S 175,96,97) (S 395,97,98) (S 327,98,97) (S 275,97,96) (D 0,1,1)
 0 1 65 82 654  13 (D 0,1,1) (S 48,67,69) (S 28,69,69) (S 113,69,67) (S 33,69,71) (S 375,71,69) (S 226,69,70) (S 207,70,69) (S 249,71,72) (S 206,72,71) (S 75,71,70) (S 336,70,71) (D 0,1,1)
 0 1 66 80 314  6 (D 0,1,1) (S 407,117,119) (S 100,119,117) (S 337,117,2) (S 235,2,117) (D 0,1,1)
 0 1 67 90 1082  5 (D 0,1,1) (S 205,11,8) (S 51,6,7) (S 157,7,6) (D 0,1,1)
 0 1 68 88 500  9 (D 0,1,1) (S 125,91,90) (S 1,90,90) (S 171,90,91) (S 178,90,88) (S 114,88,90) (S 363,88,89) (S 302,89,88) (D 0,1,1)
 0 1 69 86 804  7 (D 0,1,1) (S 372,65,56) (S 388,55,54) (S 68,54,55) (S 58,54,140) (S 381,140,54) (D 0,1,1)
 0 1 70 112 1216  4 (D 0,1,1) (S 340,24,23) (S 144,23,24) (D 0,1,1)
 0 1 71 87 786  9 (D 0,1,1) (S 254,59,60) (S 210,60,59) (S 3,59,59) (S 310,60,45) (S 393,45,34) (S 318,34,45) (S 228,45,44) (D 0,1,1)
 0 1 72 92 426  5 (D 0,1,1) (S 270,118,121) (S 335,121,118) (S 53,118,114) (D 0,1,1)
 0 1 73 80 434  8 (D 0,1,1) (S 300,107,108) (S 398,108,107) (S 273,107,110) (S 108,110,111) (S 126,111,110) (S 70,110,107) (D 0,1,1)
 0 1 74 116 726  8 (D 0,1,1) (S 161,37,35) (S 298,35,37) (S 21,46,46) (S 84,46,43) (S 286,43,46) (S 177,46,77) (D 0,1,1)
 0 1 75 100 610  8 (D 0,1,1) (S 153,133,134) (S 248,134,133) (S 7,133,133) (S 386,131,132) (S 396,132,131) (S 355,131,138) (D 0,1,1)
 0 1 76 85 911  7 (D 0,1,1) (S 370,49,48) (S 241,48,49) (S 284,48,50) (S 224,50,48) (S 213,48,139) (D 0,1,1)
 0 1 77 115 1079  12 (D 0,1,1) (S 27,25,25) (S 391,25,24) (S 402,24,25) (S 18,28,28) (S 46,28,30) (S 129,30,28) (S 63,28,27) (S 339,27,28) (S 54,28,29) (S 139,29,28) (D 0,1,1)
 0 1 78 113 1253  4 (D 0,1,1) (S 222,23,21) (S 304,21,20) (D 0,1,1)
 0 1 79 92 604  8 (D 0,1,1) (S 400,89,92) (S 98,92,89) (S 64,92,82) (S 95,82,83) (S 192,83,82) (S 307,82,92) (D 0,1,1)
 0 1 80 76 284  6 (D 0,1,1) (S 52,115,117) (S 119,117,115) (S 365,1,116) (S 253,116,1) (D 0,1,1)
 0 1 81 86 639  10 (D 0,1,1) (S 299,80,81) (S 408,81,80) (S 118,80,79) (S 281,79,80) (S 173,79,78) (S 74,78,79) (S 142,79,81) (S 127,81,79) (D 0,1,1)
 0 1 82 96 872  6 (D 0,1,1) (S 315,140,49) (S 150,49,140) (S 268,140,53) (S 55,53,140) (D 0,1,1)
 0 1 83 118 681  6 (D 0,1,1) (S 329,90,68) (S 101,68,67) (S 122,67,68) (S 169,67,66) (D 0,1,1)
 0 1 84 95 725  7 (D 0,1,1) (S 56,66,67) (S 267,70,58) (S 176,58,70) (S 317,58,57) (S 374,57,58) (D 0,1,1)
 0 1 85 84 578  8 (D 0,1,1) (S 242,102,101) (S 382,101,94) (S 349,94,101) (S 167,101,102) (S 34,102,104) (S 385,104,102) (D 0,1,1)
 0 1 86 80 698  6 (D 0,1,1) (S 314,93,63) (S 383,63,93) (S 214,64,65) (S 182,65,64) (D 0,1,1)
 0 1 87 100 436  11 (D 0,1,1) (S 342,112,107) (S 251,107,112) (S 25,112,112) (S 201,112,110) (S 239,110,112) (S 43,114,113) (S 229,113,112) (S 247,112,113) (S 91,113,114) (D 0,1,1)
 0 1 88 90 1128  12 (D 0,1,1) (S 154,13,16) (S 313,16,13) (S 346,13,17) (S 189,17,18) (S 306,18,17) (S 221,17,13) (S 138,18,19) (S 328,19,18) (S 134,17,15) (S 163,15,17) (D 0,1,1)
 0 1 89 120 1174  7 (D 0,1,1) (S 155,20,24) (S 399,24,20) (S 106,20,22) (S 4,22,22) (S 40,22,20) (D 0,1,1)
 0 1 90 118 894  4 (D 0,1,1) (S 187,35,34) (S 357,34,35) (D 0,1,1)
 0 1 91 98 763  13 (D 0,1,1) (S 209,78,77) (S 194,77,78) (S 109,77,76) (S 158,76,77) (S 278,77,46) (S 291,46,47) (S 32,47,46) (S 82,43,42) (S 128,42,43) (S 191,47,42) (S 344,42,47) (D 0,1,1)
 0 1 92 98 622  6 (D 0,1,1) (S 288,136,137) (S 326,137,136) (S 164,125,138) (S 71,138,125) (D 0,1,1)
 0 1 93 98 640  8 (D 0,1,1) (S 234,129,128) (S 405,128,129) (S 143,126,127) (S 61,127,126) (S 376,126,124) (S 67,124,126) (D 0,1,1)
 0 1 94 118 514  8 (D 0,1,1) (S 141,114,118) (S 262,121,122) (S 5,122,122) (S 104,122,121) (S 117,122,123) (S 135,123,122) (D 0,1,1)
 0 1 95 112 738  6 (D 0,1,1) (S 255,101,66) (S 322,66,101) (S 260,93,64) (S 225,64,93) (D 0,1,1)
 0 1 96 120 1291  6 (D 0,1,1) (S 149,21,23) (S 371,31,26) (S 237,26,31) (S 92,31,30) (D 0,1,1)
 0 1 97 118 1148  6 (D 0,1,1) (S 123,12,20) (S 404,20,12) (S 410,12,11) (S 184,11,12) (D 0,1,1)
 0 1 98 108 1023  8 (D 0,1,1) (S 73,50,51) (S 147,51,50) (S 132,52,51) (S 202,51,52) (S 66,52,53) (S 166,53,52) (D 0,1,1)
 0 1 99 116 842  6 (D 0,1,1) (S 136,76,74) (S 151,74,76) (S 324,43,44) (S 36,44,43) (D 0,1,1)
 0 1 100 118 568  8 (D 0,1,1) (S 332,123,124) (S 276,124,123) (S 41,120,121) (S 271,121,120) (S 303,120,119) (S 180,119,120) (D 0,1,1)
 0 1 101 120 651  6 (D 0,1,1) (S 31,91,103) (S 219,103,91) (S 250,86,88) (S 115,88,86) (D 0,1,1)
 0 1 102 114 528  8 (D 0,1,1) (S 45,116,115) (S 321,115,116) (S 364,116,117) (S 198,117,116) (S 368,107,106) (S 170,106,107) (D 0,1,1)
 0 1 103 108 1283  6 (D 0,1,1) (S 261,30,32) (S 334,32,30) (S 188,6,5) (S 362,5,6) (D 0,1,1)
 0 1 104 120 793  6 (D 0,1,1) (S 297,84,92) (S 387,92,84) (S 369,136,134) (S 236,134,136) (D 0,1,1)
