793
6
30666117
1747958403
 0 1 1 148 203  21 (D 0,1,1) (S 73,1,11) (S 62,11,12) (S 21,12,12) (S 45,12,17) (S 30,17,18) (S 15,18,18) (S 65,18,19) (S 33,19,13) (S 75,21,20) (S 1,20,20) (S 64,20,23) (S 16,23,23) (S 29,23,24) (S 76,24,25) (S 41,25,22) (S 38,18,13) (S 20,13,13) (S 28,13,7) (S 72,2,1) (D 0,1,1)
 0 1 2 117 131  9 (D 0,1,1) (S 12,35,35) (S 48,28,27) (S 23,27,27) (S 54,34,26) (S 3,26,26) (S 17,33,33) (S 46,33,1) (D 0,1,1)
 0 1 3 43 66  6 (D 0,1,1) (S 34,1,8) (S 7,8,8) (S 52,8,9) (S 11,2,2) (D 0,1,1)
 0 1 4 145 191  22 (D 0,1,1) (S 37,4,5) (S 22,5,5) (S 13,39,39) (S 63,39,32) (S 4,32,32) (S 66,32,39) (S 71,39,38) (S 32,38,37) (S 51,37,31) (S 5,31,31) (S 31,31,30) (S 49,30,29) (S 77,29,36) (S 18,36,36) (S 56,36,37) (S 6,4,4) (S 68,4,3) (S 8,3,3) (S 24,3,7) (S 19,7,7) (D 0,1,1)
 0 1 5 23 26  5 (D 0,1,1) (S 55,2,6) (S 14,6,6) (S 59,6,1) (D 0,1,1)
 0 1 6 83 97  11 (D 0,1,1) (S 27,11,16) (S 2,10,10) (S 53,10,9) (S 9,9,9) (S 74,9,15) (S 10,15,15) (S 50,14,8) (S 57,8,40) (S 26,40,1) (D 0,1,1)
