533
6
772876170
1747605749
 0 1 1 28 70  7 (D 0,1,1) (S 19,9,10) (S 16,10,10) (S 22,10,12) (S 31,12,17) (S 33,17,18) (D 0,1,1)
 0 1 2 23 74  7 (D 0,1,1) (S 24,4,6) (S 15,6,6) (S 21,11,16) (S 10,15,15) (S 38,16,17) (D 0,1,1)
 0 1 3 37 76  8 (D 0,1,1) (S 13,14,14) (S 9,13,13) (S 36,13,22) (S 27,2,22) (S 6,2,2) (S 30,2,1) (D 0,1,1)
 0 1 4 39 93  8 (D 0,1,1) (S 26,4,11) (S 12,11,11) (S 35,10,18) (S 18,18,19) (S 2,19,19) (S 14,9,9) (D 0,1,1)
 0 1 5 47 91  9 (D 0,1,1) (S 29,1,8) (S 32,8,20) (S 3,20,20) (S 11,8,8) (S 8,5,5) (S 23,5,14) (S 28,5,1) (D 0,1,1)
 0 1 6 50 129  11 (D 0,1,1) (S 25,2,3) (S 1,3,3) (S 7,21,21) (S 37,3,4) (S 4,4,4) (S 20,4,7) (S 5,7,7) (S 34,7,2) (S 17,2,4) (D 0,1,1)
