287
7
238579347
1747958443
 0 1 1 18 41  5 (D 0,1,1) (S 17,14,8) (S 32,8,7) (S 9,7,7) (D 0,1,1)
 0 1 2 20 48  8 (D 0,1,1) (S 14,12,12) (S 7,13,13) (S 34,13,14) (S 20,14,18) (S 26,18,17) (S 13,17,17) (D 0,1,1)
 0 1 3 20 39  6 (D 0,1,1) (S 35,20,23) (S 11,23,23) (S 24,23,22) (S 30,22,19) (D 0,1,1)
 0 1 4 19 46  9 (D 0,1,1) (S 23,9,19) (S 36,19,20) (S 2,16,16) (S 27,16,12) (S 31,12,11) (S 4,11,11) (S 33,11,12) (D 0,1,1)
 0 1 5 20 37  7 (D 0,1,1) (S 22,3,4) (S 1,4,4) (S 28,4,2) (S 16,5,10) (S 21,10,20) (D 0,1,1)
 0 1 6 20 38  7 (D 0,1,1) (S 18,1,2) (S 10,2,2) (S 29,6,12) (S 5,15,15) (S 8,21,21) (D 0,1,1)
 0 1 7 20 31  6 (D 0,1,1) (S 12,3,3) (S 15,5,5) (S 6,10,10) (S 3,9,9) (D 0,1,1)
