1222
6
785532081
1747606621
 0 1 1 86 149  13 (D 0,1,1) (S 23,33,33) (S 61,46,47) (S 100,47,40) (S 75,40,47) (S 91,30,34) (S 60,34,30) (S 107,26,19) (S 37,29,29) (S 77,18,29) (S 20,18,18) (S 81,18,19) (D 0,1,1)
 0 1 2 118 169  17 (D 0,1,1) (S 49,20,21) (S 35,21,21) (S 96,21,27) (S 15,27,27) (S 71,27,35) (S 54,35,34) (S 33,35,35) (S 104,35,27) (S 53,27,30) (S 12,26,26) (S 39,11,11) (S 48,11,19) (S 6,19,19) (S 18,5,5) (S 76,5,6) (D 0,1,1)
 0 1 3 103 164  20 (D 0,1,1) (S 67,1,2) (S 4,2,2) (S 74,7,8) (S 25,8,8) (S 84,8,14) (S 19,6,6) (S 51,6,12) (S 93,12,13) (S 13,13,13) (S 87,13,12) (S 99,13,6) (S 68,7,2) (S 31,7,7) (S 78,7,13) (S 85,12,20) (S 8,20,20) (S 86,11,5) (S 108,5,1) (D 0,1,1)
 0 1 4 132 230  23 (D 0,1,1) (S 55,20,30) (S 21,34,34) (S 34,40,40) (S 89,40,34) (S 38,47,47) (S 45,48,41) (S 11,41,41) (S 57,41,40) (S 24,36,36) (S 47,36,42) (S 83,36,27) (S 43,27,31) (S 72,31,32) (S 7,32,32) (S 50,32,28) (S 9,28,28) (S 103,38,32) (S 44,38,45) (S 106,45,50) (S 79,50,45) (S 14,43,43) (D 0,1,1)
 0 1 5 125 231  19 (D 0,1,1) (S 36,48,48) (S 92,41,42) (S 17,42,42) (S 62,42,41) (S 30,49,49) (S 66,49,44) (S 2,44,44) (S 105,49,50) (S 5,50,50) (S 52,50,43) (S 94,23,24) (S 1,25,25) (S 16,24,24) (S 40,17,17) (S 56,17,16) (S 63,16,9) (S 26,9,9) (D 0,1,1)
 0 1 6 140 279  28 (D 0,1,1) (S 73,13,14) (S 98,15,14) (S 22,14,14) (S 97,15,16) (S 101,16,15) (S 58,15,23) (S 46,23,22) (S 32,22,22) (S 41,22,14) (S 64,16,24) (S 65,24,23) (S 29,15,15) (S 42,23,31) (S 80,31,22) (S 69,8,9) (S 10,3,3) (S 102,3,4) (S 88,4,10) (S 27,10,10) (S 70,10,4) (S 95,31,37) (S 3,37,37) (S 90,38,28) (S 82,43,38) (S 28,38,38) (S 59,38,37) (D 0,1,1)
