1184
6
496554978
1747605894
 0 1 1 75 148  12 (D 0,1,1) (S 42,1,9) (S 38,9,15) (S 37,15,9) (S 70,9,10) (S 6,10,10) (S 18,10,15) (S 33,10,19) (S 24,19,18) (S 23,23,26) (S 61,26,18) (D 0,1,1)
 0 1 2 105 192  16 (D 0,1,1) (S 30,8,14) (S 19,14,17) (S 75,17,22) (S 14,22,22) (S 31,22,29) (S 5,29,29) (S 49,18,17) (S 41,17,18) (S 57,18,23) (S 58,23,30) (S 48,30,23) (S 7,23,23) (S 13,15,15) (S 51,15,8) (D 0,1,1)
 0 1 3 91 200  17 (D 0,1,1) (S 22,13,17) (S 29,17,16) (S 52,16,20) (S 12,20,20) (S 27,20,24) (S 44,24,28) (S 62,28,24) (S 45,24,21) (S 83,21,24) (S 81,11,16) (S 2,16,16) (S 63,20,16) (S 54,20,27) (S 74,27,20) (S 56,20,11) (D 0,1,1)
 0 1 4 80 168  15 (D 0,1,1) (S 69,8,13) (S 4,13,13) (S 34,13,14) (S 28,14,15) (S 68,10,3) (S 10,3,3) (S 50,9,2) (S 21,2,1) (S 59,1,5) (S 66,5,1) (S 9,2,2) (S 71,5,8) (S 76,8,1) (D 0,1,1)
 0 1 5 94 236  17 (D 0,1,1) (S 40,18,26) (S 17,26,30) (S 73,30,25) (S 55,25,30) (S 79,25,29) (S 80,25,22) (S 77,22,21) (S 53,21,22) (S 26,22,23) (S 11,28,28) (S 65,28,21) (S 72,21,28) (S 82,21,20) (S 16,27,27) (S 35,21,29) (D 0,1,1)
 0 1 6 121 240  19 (D 0,1,1) (S 20,7,12) (S 25,12,13) (S 64,13,16) (S 43,16,11) (S 78,12,16) (S 46,16,12) (S 60,12,11) (S 8,11,11) (S 36,11,6) (S 1,8,8) (S 39,8,7) (S 67,7,8) (S 47,4,6) (S 84,7,6) (S 15,6,6) (S 3,4,4) (S 32,4,5) (D 0,1,1)
