383
6
611199647
1747605735
 0 1 1 1 60  3 (D 0,1,1) (S 22,5,11) (D 0,1,1)
 0 1 2 5 29  7 (D 0,1,1) (S 4,12,12) (S 9,12,6) (S 2,6,6) (S 3,4,4) (S 24,4,12) (D 0,1,1)
 0 1 3 5 55  6 (D 0,1,1) (S 7,1,9) (S 1,2,2) (S 12,2,9) (S 18,9,10) (D 0,1,1)
 0 1 4 5 57  7 (D 0,1,1) (S 23,1,7) (S 11,7,12) (S 25,3,5) (S 6,5,5) (S 17,5,12) (D 0,1,1)
 0 1 5 5 83  7 (D 0,1,1) (S 16,6,8) (S 20,8,10) (S 5,7,7) (S 15,7,10) (S 19,8,11) (D 0,1,1)
 0 1 6 5 99  7 (D 0,1,1) (S 21,1,10) (S 14,10,11) (S 8,11,9) (S 13,2,3) (S 10,3,4) (D 0,1,1)
