655
8
234846000
1747605745
 0 1 1 30 50  3 (D 0,1,1) (S 5,4,4) (D 0,1,1)
 0 1 2 30 40  4 (D 0,1,1) (S 10,1,2) (S 1,2,2) (D 0,1,1)
 0 1 3 20 72  5 (D 0,1,1) (S 19,4,10) (S 9,10,5) (S 6,5,5) (D 0,1,1)
 0 1 4 31 119  4 (D 0,1,1) (S 11,4,11) (S 8,11,12) (D 0,1,1)
 0 1 5 33 64  5 (D 0,1,1) (S 15,1,3) (S 17,3,6) (S 4,6,6) (D 0,1,1)
 0 1 6 21 61  4 (D 0,1,1) (S 12,2,6) (S 14,2,3) (D 0,1,1)
 0 1 7 18 99  5 (D 0,1,1) (S 7,7,9) (S 3,9,9) (S 2,8,8) (D 0,1,1)
 0 1 8 29 150  5 (D 0,1,1) (S 13,10,11) (S 18,11,13) (S 16,12,13) (D 0,1,1)
