495
7
665596556
1747958282
 0 1 1 36 86  5 (D 0,1,1) (S 22,7,8) (S 1,8,8) (S 11,8,10) (D 0,1,1)
 0 1 2 40 68  6 (D 0,1,1) (S 26,4,2) (S 5,2,2) (S 12,2,3) (S 16,3,7) (D 0,1,1)
 0 1 3 38 76  4 (D 0,1,1) (S 3,5,5) (S 6,9,9) (D 0,1,1)
 0 1 4 35 50  5 (D 0,1,1) (S 8,1,4) (S 2,4,4) (S 14,4,5) (D 0,1,1)
 0 1 5 39 71  4 (D 0,1,1) (S 21,3,6) (S 25,3,1) (D 0,1,1)
 0 1 6 24 56  5 (D 0,1,1) (S 15,1,6) (S 7,6,7) (S 24,7,10) (D 0,1,1)
 0 1 7 33 55  6 (D 0,1,1) (S 17,1,5) (S 23,5,7) (S 4,7,7) (S 10,7,1) (D 0,1,1)
