288
8
158072064
1747958395
 0 1 1 18 43  5 (D 0,1,1) (S 18,6,7) (S 6,8,8) (S 7,7,7) (D 0,1,1)
 0 1 2 20 48  7 (D 0,1,1) (S 34,13,14) (S 19,14,18) (S 13,18,18) (S 22,17,16) (S 4,16,16) (D 0,1,1)
 0 1 3 18 36  7 (D 0,1,1) (S 3,15,15) (S 12,11,11) (S 21,11,10) (S 16,10,9) (S 33,9,3) (D 0,1,1)
 0 1 4 20 38  6 (D 0,1,1) (S 1,4,4) (S 31,23,24) (S 15,24,21) (S 32,21,20) (D 0,1,1)
 0 1 5 19 40  7 (D 0,1,1) (S 23,3,4) (S 38,19,20) (S 35,20,23) (S 11,22,22) (S 30,22,19) (D 0,1,1)
 0 1 6 19 30  7 (D 0,1,1) (S 17,1,2) (S 9,5,5) (S 14,5,10) (S 10,10,10) (S 2,9,9) (D 0,1,1)
 0 1 7 20 41  8 (D 0,1,1) (S 26,2,4) (S 36,5,6) (S 28,6,12) (S 20,13,17) (S 24,13,12) (S 5,12,12) (D 0,1,1)
 0 1 8 3 5  3 (D 0,1,1) (S 8,3,3) (D 0,1,1)
