1328
8
58035627
1747606516
 0 1 1 70 150  10 (D 0,1,1) (S 11,26,26) (S 33,26,27) (S 37,27,28) (S 19,27,27) (S 32,27,32) (S 62,32,31) (S 21,31,31) (S 40,31,25) (D 0,1,1)
 0 1 2 70 108  11 (D 0,1,1) (S 83,1,7) (S 45,7,13) (S 85,13,7) (S 4,7,7) (S 7,9,9) (S 67,2,1) (S 55,8,9) (S 66,9,3) (S 23,2,2) (D 0,1,1)
 0 1 3 66 132  10 (D 0,1,1) (S 27,13,13) (S 79,13,14) (S 8,14,14) (S 72,14,13) (S 50,24,25) (S 24,25,25) (S 80,25,24) (S 46,25,15) (D 0,1,1)
 0 1 4 70 144  15 (D 0,1,1) (S 14,19,19) (S 74,17,20) (S 81,20,19) (S 3,20,20) (S 6,17,17) (S 34,17,18) (S 70,11,12) (S 16,12,12) (S 60,12,11) (S 75,11,16) (S 17,16,16) (S 82,19,16) (S 65,16,15) (D 0,1,1)
 0 1 5 75 179  10 (D 0,1,1) (S 69,34,38) (S 12,38,38) (S 78,34,29) (S 77,23,29) (S 13,29,29) (S 28,24,24) (S 5,23,23) (S 56,23,13) (D 0,1,1)
 0 1 6 95 202  11 (D 0,1,1) (S 63,24,30) (S 15,30,30) (S 39,30,31) (S 68,32,36) (S 76,36,32) (S 58,32,26) (S 20,21,21) (S 1,22,22) (S 30,22,18) (D 0,1,1)
 0 1 7 87 217  15 (D 0,1,1) (S 61,34,35) (S 10,35,35) (S 57,35,36) (S 18,36,36) (S 48,36,35) (S 54,37,36) (S 25,39,39) (S 59,36,40) (S 26,40,40) (S 36,41,37) (S 43,33,37) (S 22,37,37) (S 84,33,27) (D 0,1,1)
 0 1 8 94 196  19 (D 0,1,1) (S 64,3,4) (S 29,4,4) (S 31,4,5) (S 35,5,11) (S 47,11,10) (S 49,10,9) (S 44,9,10) (S 9,10,10) (S 53,10,4) (S 73,4,10) (S 2,15,15) (S 42,15,10) (S 38,16,17) (S 71,20,21) (S 41,21,20) (S 52,6,12) (S 51,6,5) (D 0,1,1)
