1378
7
980555242
1747605859
 0 1 1 74 181  14 (D 0,1,1) (S 31,10,11) (S 5,11,11) (S 18,5,5) (S 64,11,24) (S 67,17,24) (S 17,24,24) (S 53,24,23) (S 23,23,22) (S 66,22,28) (S 83,28,23) (S 13,23,23) (S 39,22,15) (D 0,1,1)
 0 1 2 81 176  15 (D 0,1,1) (S 24,13,14) (S 56,14,15) (S 19,15,15) (S 81,15,14) (S 72,14,20) (S 60,20,14) (S 4,8,8) (S 37,8,2) (S 36,4,11) (S 50,11,4) (S 30,3,10) (S 26,10,9) (S 28,9,8) (D 0,1,1)
 0 1 3 77 152  14 (D 0,1,1) (S 77,1,7) (S 51,7,13) (S 34,13,19) (S 35,19,13) (S 22,12,18) (S 32,18,6) (S 10,6,6) (S 84,6,7) (S 57,7,6) (S 55,6,12) (S 82,12,6) (S 69,6,1) (D 0,1,1)
 0 1 4 77 199  12 (D 0,1,1) (S 68,18,29) (S 9,29,29) (S 42,31,32) (S 58,21,22) (S 87,22,21) (S 33,21,27) (S 71,27,32) (S 40,32,27) (S 52,27,28) (S 46,33,32) (D 0,1,1)
 0 1 5 89 192  15 (D 0,1,1) (S 65,1,2) (S 11,2,2) (S 88,2,13) (S 93,13,2) (S 38,12,13) (S 15,13,13) (S 16,12,12) (S 54,19,25) (S 80,25,30) (S 92,30,25) (S 78,30,31) (S 14,31,31) (S 44,31,26) (D 0,1,1)
 0 1 6 96 214  19 (D 0,1,1) (S 62,2,3) (S 59,10,16) (S 7,16,16) (S 43,16,15) (S 91,15,21) (S 76,21,15) (S 61,15,9) (S 1,9,9) (S 75,9,3) (S 6,3,3) (S 45,3,9) (S 8,4,4) (S 70,4,3) (S 25,4,10) (S 63,16,23) (S 79,23,28) (S 89,28,22) (D 0,1,1)
 0 1 7 120 264  18 (D 0,1,1) (S 86,18,19) (S 47,19,18) (S 49,19,20) (S 2,20,20) (S 73,20,19) (S 3,25,25) (S 90,25,26) (S 12,26,26) (S 48,15,16) (S 85,16,10) (S 74,17,11) (S 29,24,34) (S 21,34,34) (S 41,33,34) (S 27,34,28) (S 20,28,28) (D 0,1,1)
