834
6
293855585
1747605868
 0 1 1 70 116  10 (D 0,1,1) (S 19,3,9) (S 8,9,9) (S 50,9,4) (S 14,12,12) (S 62,12,8) (S 45,8,7) (S 24,31,6) (S 37,5,31) (D 0,1,1)
 0 1 2 69 120  11 (D 0,1,1) (S 15,4,13) (S 10,13,13) (S 54,13,12) (S 30,12,11) (S 39,16,15) (S 48,15,14) (S 41,14,10) (S 25,17,11) (S 13,11,11) (D 0,1,1)
 0 1 3 77 142  12 (D 0,1,1) (S 28,22,21) (S 34,21,18) (S 6,18,18) (S 16,18,19) (S 18,22,20) (S 27,20,19) (S 12,19,19) (S 43,19,21) (S 52,21,19) (S 47,19,13) (D 0,1,1)
 0 1 4 69 129  16 (D 0,1,1) (S 17,25,23) (S 59,26,28) (S 7,28,28) (S 51,28,25) (S 53,25,28) (S 22,28,31) (S 11,26,26) (S 40,26,27) (S 44,27,29) (S 4,29,29) (S 61,27,24) (S 1,24,24) (S 35,27,26) (S 38,29,31) (D 0,1,1)
 0 1 5 73 139  13 (D 0,1,1) (S 29,1,30) (S 57,1,31) (S 42,31,1) (S 26,1,2) (S 36,3,4) (S 49,4,3) (S 21,3,2) (S 55,2,8) (S 60,8,2) (S 46,9,8) (S 32,8,9) (D 0,1,1)
 0 1 6 93 188  13 (D 0,1,1) (S 23,1,7) (S 9,6,6) (S 2,23,23) (S 31,29,30) (S 20,5,10) (S 5,10,10) (S 58,10,11) (S 33,11,10) (S 3,16,16) (S 56,17,16) (S 63,14,15) (D 0,1,1)
