578
8
591753337
1747605738
 0 1 1 17 67  4 (D 0,1,1) (S 19,7,8) (S 24,8,10) (D 0,1,1)
 0 1 2 35 47  4 (D 0,1,1) (S 6,4,4) (S 21,4,1) (D 0,1,1)
 0 1 3 37 59  4 (D 0,1,1) (S 3,2,2) (S 11,2,3) (D 0,1,1)
 0 1 4 26 56  4 (D 0,1,1) (S 5,5,5) (S 12,5,9) (D 0,1,1)
 0 1 5 41 67  7 (D 0,1,1) (S 8,1,6) (S 20,3,6) (S 1,6,6) (S 2,3,3) (S 13,3,7) (D 0,1,1)
 0 1 6 28 87  6 (D 0,1,1) (S 15,1,8) (S 23,4,2) (S 9,2,5) (S 7,5,7) (D 0,1,1)
 0 1 7 35 93  6 (D 0,1,1) (S 4,7,7) (S 22,7,10) (S 10,7,9) (S 17,9,10) (D 0,1,1)
 0 1 8 26 102  5 (D 0,1,1) (S 14,1,9) (S 18,3,8) (S 16,8,9) (D 0,1,1)
