291
7
68565203
1747958298
 0 1 1 20 47  8 (D 0,1,1) (S 36,12,13) (S 10,13,13) (S 39,13,14) (S 17,14,18) (S 25,18,17) (S 18,17,13) (D 0,1,1)
 0 1 2 18 44  7 (D 0,1,1) (S 4,20,20) (S 22,22,23) (S 34,23,24) (S 13,24,21) (S 2,21,21) (D 0,1,1)
 0 1 3 19 39  5 (D 0,1,1) (S 12,14,8) (S 35,8,7) (S 37,9,3) (D 0,1,1)
 0 1 4 20 32  6 (D 0,1,1) (S 33,4,5) (S 5,12,12) (S 19,11,10) (S 14,10,9) (D 0,1,1)
 0 1 5 20 39  9 (D 0,1,1) (S 6,2,2) (S 1,6,6) (S 20,11,15) (S 23,15,21) (S 28,15,16) (S 3,16,16) (S 26,16,12) (D 0,1,1)
 0 1 6 20 37  6 (D 0,1,1) (S 15,1,2) (S 21,9,19) (S 30,19,20) (S 32,22,19) (D 0,1,1)
 0 1 7 20 31  5 (D 0,1,1) (S 8,3,3) (S 9,5,5) (S 7,10,10) (D 0,1,1)
