1268
6
317600523
1747606370
 0 1 1 90 162  14 (D 0,1,1) (S 26,26,26) (S 30,26,27) (S 24,27,27) (S 39,27,21) (S 8,21,21) (S 20,18,18) (S 31,18,17) (S 18,20,20) (S 84,20,19) (S 89,20,17) (S 21,17,17) (S 82,17,11) (D 0,1,1)
 0 1 2 83 139  15 (D 0,1,1) (S 86,1,7) (S 3,7,7) (S 9,9,9) (S 41,9,10) (S 49,10,9) (S 59,8,9) (S 65,9,3) (S 15,3,3) (S 13,2,2) (S 66,2,1) (S 45,7,13) (S 88,13,7) (S 38,8,2) (D 0,1,1)
 0 1 3 88 168  15 (D 0,1,1) (S 33,5,11) (S 23,11,11) (S 70,11,12) (S 27,12,12) (S 5,6,6) (S 50,6,5) (S 74,14,13) (S 22,13,13) (S 79,13,23) (S 72,23,14) (S 28,14,14) (S 73,14,15) (S 53,15,14) (D 0,1,1)
 0 1 4 123 226  21 (D 0,1,1) (S 40,25,31) (S 4,31,31) (S 43,31,32) (S 10,32,32) (S 60,32,26) (S 34,27,28) (S 1,22,22) (S 25,16,16) (S 71,16,19) (S 16,19,19) (S 85,19,16) (S 64,16,15) (S 54,10,15) (S 17,15,15) (S 14,10,10) (S 56,10,11) (S 48,11,10) (S 6,4,4) (S 69,4,3) (D 0,1,1)
 0 1 5 115 247  16 (D 0,1,1) (S 63,24,30) (S 75,30,29) (S 51,29,23) (S 81,23,29) (S 29,23,24) (S 11,24,24) (S 58,23,13) (S 76,29,34) (S 62,34,35) (S 19,35,35) (S 52,25,26) (S 77,26,25) (S 83,25,24) (S 46,25,15) (D 0,1,1)
 0 1 6 128 326  20 (D 0,1,1) (S 2,30,30) (S 37,30,31) (S 67,32,36) (S 12,36,36) (S 80,36,32) (S 55,37,36) (S 47,36,39) (S 68,39,36) (S 61,36,40) (S 7,34,34) (S 57,38,34) (S 32,38,39) (S 44,39,40) (S 36,40,41) (S 35,41,37) (S 78,37,33) (S 42,33,37) (S 87,33,27) (D 0,1,1)
