963
6
449500603
1747958322
 0 1 1 140 189  23 (D 0,1,1) (S 14,27,27) (S 31,28,22) (S 66,25,20) (S 25,20,20) (S 69,20,25) (S 24,25,25) (S 39,25,33) (S 38,33,34) (S 8,34,34) (S 50,33,41) (S 70,41,42) (S 98,42,34) (S 28,34,35) (S 75,36,38) (S 44,38,39) (S 45,47,40) (S 51,40,32) (S 40,32,19) (S 12,19,19) (S 58,19,18) (S 6,18,18) (D 0,1,1)
 0 1 2 140 133  16 (D 0,1,1) (S 82,14,23) (S 5,37,37) (S 34,38,46) (S 80,46,45) (S 36,45,44) (S 116,45,50) (S 10,50,50) (S 13,48,48) (S 56,48,43) (S 9,43,43) (S 92,43,42) (S 15,42,42) (S 17,35,35) (S 96,36,35) (D 0,1,1)
 0 1 3 101 91  15 (D 0,1,1) (S 102,8,13) (S 16,13,13) (S 26,21,21) (S 76,21,22) (S 11,22,22) (S 100,21,26) (S 93,26,27) (S 68,36,28) (S 20,28,28) (S 109,23,14) (S 18,14,14) (S 46,14,9) (S 42,9,1) (D 0,1,1)
 0 1 4 138 191  17 (D 0,1,1) (S 52,1,10) (S 78,2,3) (S 53,4,7) (S 55,12,11) (S 83,11,18) (S 104,18,17) (S 32,17,31) (S 33,47,39) (S 57,39,31) (S 3,31,31) (S 106,17,30) (S 84,30,39) (S 23,30,30) (S 30,15,16) (S 21,16,16) (D 0,1,1)
 0 1 5 79 89  12 (D 0,1,1) (S 88,1,5) (S 1,5,5) (S 35,5,10) (S 22,10,10) (S 73,11,6) (S 54,6,5) (S 72,3,4) (S 108,7,12) (S 7,12,12) (S 118,5,1) (D 0,1,1)
 0 1 6 56 67  11 (D 0,1,1) (S 43,1,16) (S 2,15,15) (S 105,15,24) (S 65,24,29) (S 4,29,29) (S 79,29,24) (S 61,24,23) (S 19,23,23) (S 107,23,15) (D 0,1,1)
