796
9
80055896
1747958367
 0 1 1 36 95  6 (D 0,1,1) (S 31,21,24) (S 1,24,24) (S 29,24,23) (S 34,20,10) (D 0,1,1)
 0 1 2 40 99  8 (D 0,1,1) (S 8,11,11) (S 18,11,15) (S 42,15,16) (S 21,13,12) (S 30,15,21) (S 44,21,15) (D 0,1,1)
 0 1 3 35 96  6 (D 0,1,1) (S 43,19,20) (S 13,20,20) (S 39,10,11) (S 37,11,5) (D 0,1,1)
 0 1 4 38 77  5 (D 0,1,1) (S 19,9,10) (S 14,10,10) (S 5,5,5) (D 0,1,1)
 0 1 5 40 82  6 (D 0,1,1) (S 3,9,9) (S 15,19,22) (S 27,22,23) (S 6,23,23) (D 0,1,1)
 0 1 6 40 113  8 (D 0,1,1) (S 20,3,4) (S 23,16,17) (S 9,13,13) (S 2,17,17) (S 45,18,14) (S 7,14,14) (D 0,1,1)
 0 1 7 19 37  5 (D 0,1,1) (S 12,3,3) (S 35,9,3) (S 24,3,1) (D 0,1,1)
 0 1 8 22 34  5 (D 0,1,1) (S 4,2,2) (S 22,2,4) (S 11,4,4) (D 0,1,1)
 0 1 9 40 124  8 (D 0,1,1) (S 33,12,6) (S 17,6,7) (S 38,7,8) (S 10,8,8) (S 16,8,14) (S 25,12,11) (D 0,1,1)
