1307
7
10916379
1747606387
 0 1 1 58 110  11 (D 0,1,1) (S 52,1,2) (S 10,2,2) (S 78,2,13) (S 37,13,19) (S 13,19,19) (S 46,6,12) (S 73,12,6) (S 21,6,6) (S 60,6,1) (D 0,1,1)
 0 1 2 79 171  13 (D 0,1,1) (S 45,19,25) (S 5,25,25) (S 81,25,26) (S 24,26,26) (S 31,26,20) (S 14,20,20) (S 62,27,32) (S 19,32,32) (S 44,27,28) (S 29,28,34) (S 54,34,33) (D 0,1,1)
 0 1 3 82 155  14 (D 0,1,1) (S 41,3,9) (S 66,9,3) (S 50,9,15) (S 64,14,20) (S 49,20,14) (S 47,14,15) (S 11,15,15) (S 20,13,13) (S 39,13,7) (S 4,7,7) (S 70,13,12) (S 8,12,12) (D 0,1,1)
 0 1 4 77 194  13 (D 0,1,1) (S 69,4,5) (S 75,5,11) (S 53,11,24) (S 51,11,5) (S 33,11,10) (S 28,10,9) (S 17,10,10) (S 32,10,3) (S 25,3,3) (S 61,4,3) (S 56,3,2) (D 0,1,1)
 0 1 5 91 179  13 (D 0,1,1) (S 34,6,18) (S 15,18,18) (S 77,18,19) (S 35,19,12) (S 42,19,18) (S 84,13,2) (S 76,2,8) (S 1,8,8) (S 36,8,14) (S 59,20,21) (S 67,21,15) (D 0,1,1)
 0 1 6 119 249  18 (D 0,1,1) (S 80,16,17) (S 2,17,17) (S 3,24,24) (S 57,24,17) (S 65,17,11) (S 43,11,4) (S 26,4,4) (S 6,16,16) (S 55,16,23) (S 58,22,28) (S 74,28,23) (S 82,15,21) (S 23,21,21) (S 48,21,22) (S 22,23,23) (S 38,22,15) (D 0,1,1)
 0 1 7 108 249  16 (D 0,1,1) (S 72,25,30) (S 9,30,30) (S 83,30,25) (S 12,29,29) (S 18,31,31) (S 63,31,30) (S 40,31,26) (S 68,15,22) (S 16,22,22) (S 71,23,28) (S 79,28,22) (S 27,28,33) (S 7,33,33) (S 30,34,24) (D 0,1,1)
