984
6
571874069
1747606545
 0 1 1 80 124  11 (D 0,1,1) (S 7,35,35) (S 43,35,36) (S 75,36,29) (S 77,29,36) (S 10,36,36) (S 70,35,34) (S 22,26,26) (S 30,26,33) (S 51,33,1) (D 0,1,1)
 0 1 2 73 121  11 (D 0,1,1) (S 36,1,8) (S 3,8,8) (S 59,8,9) (S 4,9,9) (S 54,9,10) (S 72,1,11) (S 40,16,10) (S 46,15,14) (S 55,14,8) (D 0,1,1)
 0 1 3 86 151  12 (D 0,1,1) (S 34,18,22) (S 9,22,22) (S 45,25,22) (S 26,23,23) (S 69,20,17) (S 58,12,11) (S 25,11,11) (S 21,15,15) (S 68,15,9) (S 2,10,10) (D 0,1,1)
 0 1 4 95 163  15 (D 0,1,1) (S 56,37,31) (S 76,31,37) (S 5,37,37) (S 33,37,3) (S 14,39,39) (S 64,39,32) (S 19,32,32) (S 57,1,2) (S 11,2,2) (S 60,2,6) (S 41,6,12) (S 23,6,6) (S 6,40,40) (D 0,1,1)
 0 1 5 103 200  21 (D 0,1,1) (S 50,12,13) (S 12,13,13) (S 32,13,7) (S 24,7,7) (S 42,13,12) (S 44,25,24) (S 13,24,24) (S 31,24,21) (S 16,21,21) (S 73,21,20) (S 65,20,23) (S 49,12,17) (S 27,17,17) (S 17,18,18) (S 37,19,13) (S 63,3,4) (S 71,4,3) (S 29,3,7) (S 62,3,2) (D 0,1,1)
 0 1 6 122 225  19 (D 0,1,1) (S 39,4,5) (S 66,5,39) (S 67,39,5) (S 38,4,38) (S 35,38,37) (S 48,37,30) (S 18,30,30) (S 52,30,37) (S 15,31,31) (S 53,30,29) (S 61,35,28) (S 1,28,28) (S 8,34,34) (S 20,33,33) (S 74,26,27) (S 28,27,27) (S 47,27,28) (D 0,1,1)
