544
8
867343696
1747605745
 0 1 1 31 49  3 (D 0,1,1) (S 5,2,2) (D 0,1,1)
 0 1 2 19 72  4 (D 0,1,1) (S 14,1,8) (S 15,8,9) (D 0,1,1)
 0 1 3 29 44  4 (D 0,1,1) (S 4,4,4) (S 2,5,5) (D 0,1,1)
 0 1 4 33 51  5 (D 0,1,1) (S 17,3,6) (S 6,6,6) (S 21,3,1) (D 0,1,1)
 0 1 5 30 48  5 (D 0,1,1) (S 13,1,7) (S 3,7,7) (S 20,7,10) (D 0,1,1)
 0 1 6 32 60  6 (D 0,1,1) (S 1,3,3) (S 11,3,4) (S 22,4,2) (S 18,4,1) (D 0,1,1)
 0 1 7 30 86  5 (D 0,1,1) (S 12,1,5) (S 19,5,7) (S 9,8,2) (D 0,1,1)
 0 1 8 41 134  7 (D 0,1,1) (S 8,6,9) (S 7,9,9) (S 16,9,10) (S 10,7,8) (S 23,8,10) (D 0,1,1)
