277
9
113854896
1747958284
 0 1 1 24 31  5 (D 0,1,1) (S 29,3,10) (S 8,10,10) (S 24,3,11) (D 0,1,1)
 0 1 2 24 18  3 (D 0,1,1) (S 25,4,5) (D 0,1,1)
 0 1 3 23 27  4 (D 0,1,1) (S 26,6,8) (S 6,8,8) (D 0,1,1)
 0 1 4 19 26  6 (D 0,1,1) (S 2,6,6) (S 11,6,10) (S 13,3,7) (S 1,7,7) (D 0,1,1)
 0 1 5 26 22  4 (D 0,1,1) (S 27,5,11) (S 4,3,3) (D 0,1,1)
 0 1 6 16 20  5 (D 0,1,1) (S 17,6,9) (S 7,9,9) (S 12,7,1) (D 0,1,1)
 0 1 7 22 15  5 (D 0,1,1) (S 28,1,4) (S 21,2,7) (S 9,5,5) (D 0,1,1)
 0 1 8 25 29  3 (D 0,1,1) (S 3,4,4) (D 0,1,1)
 0 1 9 26 32  4 (D 0,1,1) (S 5,2,2) (S 10,11,1) (D 0,1,1)
