514
7
373875434
1747605747
 0 1 1 35 47  3 (D 0,1,1) (S 4,4,4) (D 0,1,1)
 0 1 2 26 44  4 (D 0,1,1) (S 1,2,2) (S 21,2,1) (D 0,1,1)
 0 1 3 35 57  4 (D 0,1,1) (S 11,2,3) (S 3,3,3) (D 0,1,1)
 0 1 4 35 65  5 (D 0,1,1) (S 5,7,7) (S 14,7,9) (S 6,9,9) (D 0,1,1)
 0 1 5 38 68  4 (D 0,1,1) (S 16,1,9) (S 2,5,5) (D 0,1,1)
 0 1 6 40 94  9 (D 0,1,1) (S 20,4,2) (S 13,2,5) (S 12,5,6) (S 8,6,7) (S 7,6,6) (S 18,3,6) (S 9,6,1) (D 0,1,1)
 0 1 7 36 139  6 (D 0,1,1) (S 17,1,8) (S 10,8,9) (S 19,7,8) (S 15,8,10) (D 0,1,1)
