1335
6
340553655
1747606210
 0 1 1 95 173  16 (D 0,1,1) (S 35,16,17) (S 13,17,17) (S 8,20,20) (S 19,18,18) (S 32,18,17) (S 69,9,14) (S 11,14,14) (S 77,14,15) (S 52,15,14) (S 14,5,5) (S 10,4,4) (S 53,10,15) (S 18,15,15) (S 47,10,9) (D 0,1,1)
 0 1 2 86 231  13 (D 0,1,1) (S 45,36,39) (S 24,39,39) (S 62,36,40) (S 36,40,41) (S 55,37,36) (S 46,36,35) (S 28,35,39) (S 33,39,38) (S 57,38,34) (S 27,34,34) (S 70,34,38) (D 0,1,1)
 0 1 3 104 188  19 (D 0,1,1) (S 43,7,13) (S 26,13,13) (S 88,13,14) (S 93,14,23) (S 74,23,14) (S 56,10,11) (S 12,11,11) (S 75,16,19) (S 21,19,19) (S 68,16,15) (S 86,13,23) (S 59,23,13) (S 58,8,9) (S 3,9,9) (S 16,3,3) (S 40,3,2) (S 2,2,2) (D 0,1,1)
 0 1 4 98 227  21 (D 0,1,1) (S 50,25,26) (S 22,27,27) (S 38,27,21) (S 61,32,26) (S 78,20,21) (S 41,21,20) (S 80,17,20) (S 89,20,19) (S 90,16,11) (S 71,11,12) (S 17,12,12) (S 82,12,6) (S 48,6,12) (S 51,6,5) (S 54,10,4) (S 72,4,3) (S 91,1,7) (S 7,7,7) (S 76,7,1) (D 0,1,1)
 0 1 5 116 237  18 (D 0,1,1) (S 39,25,31) (S 25,31,31) (S 64,31,35) (S 6,35,35) (S 37,31,30) (S 5,30,30) (S 29,23,24) (S 15,24,24) (S 63,24,14) (S 79,14,24) (S 67,24,30) (S 81,30,29) (S 49,29,23) (S 87,23,29) (S 23,25,25) (S 44,25,15) (D 0,1,1)
 0 1 6 128 279  18 (D 0,1,1) (S 83,29,34) (S 65,34,35) (S 60,35,36) (S 85,36,32) (S 20,37,37) (S 84,37,33) (S 42,33,37) (S 92,33,27) (S 31,27,32) (S 9,32,32) (S 66,32,31) (S 73,19,26) (S 4,26,26) (S 34,27,28) (S 1,22,22) (S 30,22,21) (D 0,1,1)
