1331
7
53436532
1747606052
 0 1 1 80 142  11 (D 0,1,1) (S 87,2,8) (S 4,8,8) (S 35,8,2) (S 16,2,2) (S 83,2,13) (S 21,12,18) (S 81,18,19) (S 2,19,19) (S 30,19,12) (D 0,1,1)
 0 1 2 79 156  13 (D 0,1,1) (S 29,3,10) (S 80,16,10) (S 8,16,16) (S 86,15,21) (S 9,21,21) (S 69,21,15) (S 26,8,9) (S 68,9,3) (S 1,10,10) (S 25,10,9) (S 51,9,15) (D 0,1,1)
 0 1 3 77 179  15 (D 0,1,1) (S 48,19,25) (S 75,25,30) (S 66,30,25) (S 85,25,26) (S 28,26,20) (S 10,20,20) (S 54,26,27) (S 64,27,32) (S 38,32,27) (S 45,27,28) (S 27,28,34) (S 56,34,33) (S 40,33,34) (D 0,1,1)
 0 1 4 84 149  16 (D 0,1,1) (S 79,1,6) (S 7,6,6) (S 60,6,1) (S 78,6,7) (S 20,7,7) (S 50,7,6) (S 47,6,12) (S 5,12,12) (S 36,12,13) (S 14,13,13) (S 72,13,12) (S 32,13,19) (S 33,19,13) (S 41,13,7) (D 0,1,1)
 0 1 5 88 197  14 (D 0,1,1) (S 65,17,11) (S 44,11,4) (S 11,4,4) (S 61,4,3) (S 19,3,3) (S 55,16,23) (S 73,23,28) (S 6,28,28) (S 77,28,23) (S 84,23,24) (S 46,24,23) (S 37,22,15) (D 0,1,1)
 0 1 6 90 213  17 (D 0,1,1) (S 70,15,22) (S 17,22,22) (S 22,22,23) (S 82,22,21) (S 23,28,33) (S 43,33,32) (S 24,13,14) (S 49,14,15) (S 15,15,15) (S 76,15,14) (S 67,14,20) (S 62,20,19) (S 59,18,29) (S 12,29,29) (S 53,29,18) (D 0,1,1)
 0 1 7 116 295  15 (D 0,1,1) (S 71,30,31) (S 63,31,30) (S 42,31,26) (S 74,26,25) (S 58,25,29) (S 39,31,32) (S 31,27,21) (S 34,4,11) (S 52,11,5) (S 18,5,5) (S 3,11,11) (S 57,17,24) (S 13,24,24) (D 0,1,1)
