1560
8
504756386
1747958461
 0 1 1 91 49  4 (D 0,1,1) (S 66,9,10) (S 81,10,16) (D 0,1,1)
 0 1 2 27 53  5 (D 0,1,1) (S 94,1,8) (S 69,8,40) (S 97,40,1) (D 0,1,1)
 0 1 3 87 149  12 (D 0,1,1) (S 57,1,40) (S 9,40,40) (S 63,40,8) (S 15,8,8) (S 54,8,14) (S 11,14,14) (S 17,14,15) (S 98,15,9) (S 88,9,8) (S 110,8,1) (D 0,1,1)
 0 1 4 198 292  23 (D 0,1,1) (S 61,1,35) (S 29,35,36) (S 59,36,2) (S 64,2,6) (S 48,12,17) (S 7,17,17) (S 44,17,20) (S 40,20,23) (S 33,23,24) (S 2,24,24) (S 49,24,25) (S 8,25,25) (S 27,25,22) (S 47,22,21) (S 22,22,18) (S 34,18,19) (S 16,18,13) (S 107,13,7) (S 53,7,13) (S 58,1,33) (S 56,1,2) (D 0,1,1)
 0 1 5 191 201  17 (D 0,1,1) (S 85,1,6) (S 84,3,4) (S 1,4,4) (S 73,4,5) (S 6,5,5) (S 92,5,39) (S 36,39,32) (S 14,32,32) (S 46,32,31) (S 18,31,38) (S 25,37,30) (S 5,30,30) (S 52,30,29) (S 30,29,36) (S 108,11,1) (D 0,1,1)
 0 1 6 120 138  11 (D 0,1,1) (S 12,33,33) (S 50,33,26) (S 3,26,26) (S 41,26,27) (S 24,27,28) (S 31,27,34) (S 13,34,34) (S 28,34,35) (S 71,35,1) (D 0,1,1)
 0 1 7 15 30  4 (D 0,1,1) (S 79,1,11) (S 106,2,1) (D 0,1,1)
 0 1 8 169 240  20 (D 0,1,1) (S 80,11,16) (S 91,16,11) (S 75,11,12) (S 60,12,6) (S 86,6,12) (S 102,12,13) (S 4,13,13) (S 83,7,3) (S 90,3,37) (S 43,37,38) (S 10,38,38) (S 89,38,4) (S 95,39,5) (S 82,5,4) (S 104,4,3) (S 109,3,7) (S 76,7,6) (S 78,6,1) (D 0,1,1)
