267
6
472774895
1747605747
 0 1 1 25 39  4 (D 0,1,1) (S 4,3,3) (S 24,3,4) (D 0,1,1)
 0 1 2 26 40  7 (D 0,1,1) (S 14,1,6) (S 7,6,6) (S 18,6,9) (S 13,4,8) (S 2,8,8) (D 0,1,1)
 0 1 3 28 41  7 (D 0,1,1) (S 21,2,6) (S 15,6,7) (S 5,7,7) (S 8,4,2) (S 1,2,2) (D 0,1,1)
 0 1 4 19 44  5 (D 0,1,1) (S 25,2,7) (S 20,4,9) (S 22,5,9) (D 0,1,1)
 0 1 5 31 52  7 (D 0,1,1) (S 23,1,9) (S 6,4,4) (S 10,8,5) (S 3,5,5) (S 11,5,4) (D 0,1,1)
 0 1 6 24 51  7 (D 0,1,1) (S 12,1,3) (S 19,3,6) (S 17,2,3) (S 16,3,8) (S 9,8,7) (D 0,1,1)
