797
6
367572177
1747958449
 0 1 1 62 92  7 (D 0,1,1) (S 13,35,35) (S 64,35,34) (S 14,27,27) (S 3,28,28) (S 55,28,35) (D 0,1,1)
 0 1 2 137 169  17 (D 0,1,1) (S 54,1,6) (S 44,12,17) (S 32,18,22) (S 6,22,22) (S 7,21,21) (S 68,21,20) (S 22,20,20) (S 31,23,24) (S 70,24,25) (S 1,25,25) (S 40,25,22) (S 57,18,19) (S 19,13,13) (S 26,17,17) (S 52,6,1) (D 0,1,1)
 0 1 3 121 128  13 (D 0,1,1) (S 15,37,37) (S 43,37,30) (S 5,30,30) (S 36,30,31) (S 56,31,32) (S 16,32,32) (S 11,39,39) (S 23,5,5) (S 2,4,4) (S 8,3,3) (S 66,2,1) (D 0,1,1)
 0 1 4 98 129  11 (D 0,1,1) (S 48,1,2) (S 20,2,2) (S 59,2,36) (S 10,36,36) (S 69,36,29) (S 21,29,29) (S 51,34,26) (S 4,26,26) (S 12,33,33) (D 0,1,1)
 0 1 5 131 163  15 (D 0,1,1) (S 33,16,10) (S 17,10,10) (S 46,14,8) (S 9,8,8) (S 50,8,9) (S 45,9,10) (S 67,9,15) (S 24,15,15) (S 34,15,16) (S 28,16,11) (S 18,11,11) (S 38,12,6) (S 25,6,6) (D 0,1,1)
 0 1 6 10 18  3 (D 0,1,1) (S 27,1,40) (D 0,1,1)
