718
7
191736891
1747605738
 0 1 1 30 50  4 (D 0,1,1) (S 18,1,4) (S 6,4,4) (D 0,1,1)
 0 1 2 31 41  4 (D 0,1,1) (S 11,1,2) (S 2,2,2) (D 0,1,1)
 0 1 3 31 119  4 (D 0,1,1) (S 7,4,11) (S 17,11,12) (D 0,1,1)
 0 1 4 28 52  5 (D 0,1,1) (S 15,2,3) (S 4,3,3) (S 8,3,1) (D 0,1,1)
 0 1 5 29 126  5 (D 0,1,1) (S 20,6,10) (S 12,10,11) (S 16,11,13) (D 0,1,1)
 0 1 6 30 134  6 (D 0,1,1) (S 14,2,8) (S 9,8,12) (S 13,6,12) (S 3,12,12) (D 0,1,1)
 0 1 7 33 196  7 (D 0,1,1) (S 10,7,9) (S 19,8,9) (S 5,9,9) (S 21,4,10) (S 1,5,5) (D 0,1,1)
