331
9
527960032
1747606014
 0 1 1 13 24  3 (D 0,1,1) (S 4,5,5) (D 0,1,1)
 0 1 2 10 38  4 (D 0,1,1) (S 38,13,14) (S 18,14,18) (D 0,1,1)
 0 1 3 14 20  7 (D 0,1,1) (S 15,1,2) (S 12,2,2) (S 9,4,4) (S 21,4,3) (S 6,3,3) (D 0,1,1)
 0 1 4 18 31  8 (D 0,1,1) (S 32,4,5) (S 7,10,10) (S 14,10,9) (S 8,9,9) (S 22,9,19) (S 1,19,19) (D 0,1,1)
 0 1 5 13 36  7 (D 0,1,1) (S 17,10,11) (S 2,11,11) (S 41,16,15) (S 11,15,15) (S 28,16,12) (D 0,1,1)
 0 1 6 12 40  6 (D 0,1,1) (S 19,13,17) (S 10,17,17) (S 27,18,17) (S 20,17,16) (D 0,1,1)
 0 1 7 18 51  6 (D 0,1,1) (S 16,6,7) (S 29,7,8) (S 5,8,8) (S 13,14,8) (D 0,1,1)
 0 1 8 20 44  6 (D 0,1,1) (S 33,23,24) (S 34,21,20) (S 23,23,22) (S 31,22,19) (D 0,1,1)
 0 1 9 19 47  12 (D 0,1,1) (S 30,6,12) (S 26,12,6) (S 35,12,11) (S 37,11,12) (S 36,12,13) (S 25,13,12) (S 24,15,21) (S 3,21,21) (S 39,20,23) (S 40,23,20) (D 0,1,1)
