1099
6
35175715
1747606437
 0 1 1 87 122  15 (D 0,1,1) (S 41,24,17) (S 58,17,10) (S 33,11,11) (S 56,11,6) (S 34,6,6) (S 103,6,5) (S 7,5,5) (S 48,5,2) (S 94,2,3) (S 2,3,3) (S 38,5,10) (S 11,10,10) (S 53,10,1) (D 0,1,1)
 0 1 2 91 153  14 (D 0,1,1) (S 78,11,18) (S 24,18,18) (S 60,31,39) (S 32,39,39) (S 93,39,30) (S 30,38,38) (S 22,28,28) (S 35,27,26) (S 12,26,26) (S 71,20,25) (S 68,25,20) (S 23,22,22) (D 0,1,1)
 0 1 3 105 171  19 (D 0,1,1) (S 100,1,16) (S 19,16,16) (S 52,16,17) (S 98,17,18) (S 95,18,17) (S 3,17,17) (S 73,17,31) (S 26,31,31) (S 84,31,17) (S 88,30,38) (S 90,38,36) (S 85,36,38) (S 47,38,39) (S 101,39,40) (S 17,40,40) (S 50,40,32) (S 44,32,19) (D 0,1,1)
 0 1 4 93 189  19 (D 0,1,1) (S 63,29,37) (S 28,42,42) (S 57,42,34) (S 89,21,26) (S 15,33,33) (S 42,33,25) (S 80,33,41) (S 10,41,41) (S 64,41,33) (S 91,9,8) (S 5,8,8) (S 39,14,15) (S 14,15,15) (S 70,23,28) (S 1,27,27) (S 102,28,22) (S 75,13,8) (D 0,1,1)
 0 1 5 135 236  21 (D 0,1,1) (S 92,36,44) (S 25,43,43) (S 59,43,48) (S 61,45,48) (S 40,48,49) (S 37,46,45) (S 18,45,45) (S 67,45,49) (S 16,49,49) (S 104,45,50) (S 79,50,45) (S 9,50,50) (S 55,50,46) (S 83,38,37) (S 29,37,37) (S 76,43,35) (S 13,35,35) (S 99,35,34) (S 105,34,33) (D 0,1,1)
 0 1 6 143 228  29 (D 0,1,1) (S 77,23,22) (S 96,22,21) (S 31,21,21) (S 69,21,13) (S 74,13,22) (S 87,13,21) (S 82,21,20) (S 72,20,21) (S 65,13,9) (S 8,9,9) (S 6,14,14) (S 54,14,23) (S 46,23,29) (S 49,24,15) (S 36,15,16) (S 97,23,24) (S 27,24,24) (S 62,24,30) (S 66,30,29) (S 21,29,29) (S 86,30,17) (S 4,12,12) (S 43,12,7) (S 81,7,4) (S 20,4,4) (S 51,4,3) (S 45,3,6) (D 0,1,1)
