920
6
566196650
1747958411
 0 1 1 139 152  14 (D 0,1,1) (S 13,43,43) (S 39,44,45) (S 7,45,45) (S 31,45,48) (S 40,48,49) (S 21,49,49) (S 66,49,50) (S 30,50,50) (S 37,46,38) (S 16,38,38) (S 34,38,37) (S 96,23,15) (D 0,1,1)
 0 1 2 131 184  24 (D 0,1,1) (S 65,21,13) (S 19,13,13) (S 87,13,21) (S 92,21,26) (S 53,26,25) (S 43,25,33) (S 48,33,41) (S 5,41,41) (S 88,42,43) (S 82,43,42) (S 89,42,34) (S 25,36,36) (S 84,36,35) (S 32,35,34) (S 42,34,33) (S 64,25,20) (S 20,20,20) (S 1,26,26) (S 29,27,27) (S 70,28,29) (S 58,30,24) (S 98,23,14) (D 0,1,1)
 0 1 3 115 122  14 (D 0,1,1) (S 10,15,15) (S 90,15,23) (S 18,23,23) (S 99,23,24) (S 63,24,29) (S 28,29,29) (S 41,29,30) (S 79,30,39) (S 55,39,31) (S 2,40,40) (S 49,40,32) (S 8,32,32) (D 0,1,1)
 0 1 4 124 134  13 (D 0,1,1) (S 38,5,10) (S 24,11,11) (S 26,3,3) (S 11,4,4) (S 52,4,7) (S 23,7,7) (S 12,12,12) (S 78,12,19) (S 14,19,19) (S 94,18,17) (S 15,17,17) (D 0,1,1)
 0 1 5 95 144  15 (D 0,1,1) (S 22,9,9) (S 47,9,8) (S 91,8,13) (S 62,13,9) (S 45,9,14) (S 3,14,14) (S 4,22,22) (S 35,22,28) (S 101,28,36) (S 73,36,38) (S 85,30,17) (S 50,17,16) (S 27,16,16) (D 0,1,1)
 0 1 6 50 63  9 (D 0,1,1) (S 51,1,10) (S 17,10,10) (S 9,5,5) (S 102,5,2) (S 6,2,2) (S 57,2,5) (S 104,5,1) (D 0,1,1)
