280
6
746485728
1747605739
 0 1 1 21 35  7 (D 0,1,1) (S 22,1,7) (S 6,7,7) (S 29,7,8) (S 23,4,9) (S 5,9,9) (D 0,1,1)
 0 1 2 24 40  7 (D 0,1,1) (S 21,1,8) (S 8,8,4) (S 24,2,9) (S 7,9,8) (S 2,4,4) (D 0,1,1)
 0 1 3 20 39  7 (D 0,1,1) (S 28,1,4) (S 14,4,6) (S 4,6,6) (S 9,6,3) (S 10,3,2) (D 0,1,1)
 0 1 4 27 45  6 (D 0,1,1) (S 15,1,3) (S 19,3,8) (S 1,2,2) (S 25,2,6) (D 0,1,1)
 0 1 5 28 54  7 (D 0,1,1) (S 18,1,6) (S 27,6,8) (S 17,6,7) (S 11,9,5) (S 16,5,8) (D 0,1,1)
 0 1 6 33 67  8 (D 0,1,1) (S 26,1,5) (S 13,5,7) (S 12,2,5) (S 20,5,6) (S 3,3,3) (S 30,3,4) (D 0,1,1)
