935
6
332980264
1747958456
 0 1 1 140 182  20 (D 0,1,1) (S 66,24,29) (S 50,30,38) (S 27,38,38) (S 44,38,46) (S 21,46,46) (S 34,45,45) (S 8,50,50) (S 60,50,49) (S 16,49,49) (S 46,49,48) (S 58,48,43) (S 7,43,43) (S 81,43,42) (S 83,42,43) (S 37,44,44) (S 51,44,36) (S 73,36,38) (S 82,30,17) (D 0,1,1)
 0 1 2 139 214  24 (D 0,1,1) (S 9,22,22) (S 22,21,21) (S 87,21,26) (S 24,26,26) (S 56,26,25) (S 67,25,20) (S 31,20,20) (S 47,25,33) (S 32,33,33) (S 10,41,41) (S 85,42,34) (S 19,34,34) (S 65,34,26) (S 99,26,34) (S 77,34,42) (S 100,43,44) (S 35,37,37) (S 43,37,38) (S 36,39,39) (S 98,39,40) (S 17,40,40) (S 1,32,32) (D 0,1,1)
 0 1 3 139 178  18 (D 0,1,1) (S 18,2,2) (S 76,2,3) (S 71,3,4) (S 23,4,4) (S 55,4,7) (S 40,7,6) (S 26,12,12) (S 13,19,19) (S 61,19,18) (S 5,18,18) (S 91,17,30) (S 28,30,30) (S 64,24,23) (S 89,23,22) (S 6,13,13) (S 52,8,9) (D 0,1,1)
 0 1 4 73 80  8 (D 0,1,1) (S 25,5,5) (S 15,6,6) (S 57,12,11) (S 11,11,11) (S 4,10,10) (S 54,10,1) (D 0,1,1)
 0 1 5 103 130  17 (D 0,1,1) (S 33,9,9) (S 49,9,14) (S 14,14,14) (S 63,14,22) (S 42,22,28) (S 38,27,27) (S 20,35,35) (S 2,36,36) (S 68,36,28) (S 3,28,28) (S 70,28,29) (S 29,29,29) (S 12,23,23) (S 86,15,23) (S 94,23,14) (D 0,1,1)
 0 1 6 60 67  6 (D 0,1,1) (S 74,1,15) (S 30,17,17) (S 53,17,16) (S 48,16,1) (D 0,1,1)
