1264
6
685970166
1747606646
 0 1 1 82 142  14 (D 0,1,1) (S 25,16,16) (S 68,19,20) (S 6,20,20) (S 82,20,19) (S 21,19,19) (S 71,20,21) (S 31,21,21) (S 41,21,27) (S 43,21,20) (S 5,17,17) (S 73,17,20) (S 81,17,11) (D 0,1,1)
 0 1 2 87 143  14 (D 0,1,1) (S 47,7,13) (S 24,13,13) (S 77,13,23) (S 9,23,23) (S 56,23,13) (S 18,7,7) (S 57,7,8) (S 65,9,3) (S 70,1,2) (S 13,2,2) (S 15,3,3) (S 40,8,2) (D 0,1,1)
 0 1 3 101 220  17 (D 0,1,1) (S 75,27,33) (S 16,33,33) (S 46,33,37) (S 23,37,37) (S 37,41,37) (S 54,37,36) (S 50,36,39) (S 3,39,39) (S 44,39,40) (S 27,40,40) (S 38,27,28) (S 2,22,22) (S 20,18,18) (S 74,11,16) (S 63,16,15) (D 0,1,1)
 0 1 4 116 198  18 (D 0,1,1) (S 83,1,7) (S 55,8,9) (S 45,9,10) (S 8,10,10) (S 28,15,15) (S 30,12,12) (S 51,6,12) (S 29,6,6) (S 32,4,4) (S 53,10,4) (S 36,5,11) (S 1,11,11) (S 49,11,10) (S 66,9,14) (S 10,14,14) (S 72,14,13) (D 0,1,1)
 0 1 5 111 256  15 (D 0,1,1) (S 78,23,29) (S 17,29,29) (S 79,34,29) (S 60,34,35) (S 26,35,35) (S 67,35,31) (S 34,27,32) (S 7,32,32) (S 61,32,31) (S 39,31,30) (S 52,25,26) (S 76,26,25) (S 48,25,15) (D 0,1,1)
 0 1 6 130 305  17 (D 0,1,1) (S 62,24,30) (S 4,30,30) (S 64,30,24) (S 12,24,24) (S 80,25,24) (S 42,25,31) (S 22,31,31) (S 58,32,26) (S 14,26,26) (S 69,34,38) (S 19,38,38) (S 35,38,39) (S 33,39,35) (S 11,36,36) (S 59,36,40) (D 0,1,1)
