1296
6
28100391
1747606204
 0 1 1 74 142  18 (D 0,1,1) (S 26,3,4) (S 11,15,15) (S 53,10,11) (S 66,11,17) (S 51,17,11) (S 72,11,12) (S 56,12,11) (S 36,2,8) (S 76,8,9) (S 80,9,8) (S 46,8,7) (S 44,2,3) (S 2,3,3) (S 29,3,9) (S 74,1,2) (S 65,2,1) (D 0,1,1)
 0 1 2 110 183  11 (D 0,1,1) (S 88,1,7) (S 19,7,7) (S 17,13,13) (S 28,23,24) (S 52,24,14) (S 43,23,29) (S 34,29,30) (S 62,24,30) (S 1,30,30) (D 0,1,1)
 0 1 3 99 197  18 (D 0,1,1) (S 82,12,6) (S 7,6,6) (S 37,6,5) (S 16,4,4) (S 77,4,10) (S 39,15,10) (S 8,10,10) (S 47,16,11) (S 61,20,27) (S 18,27,27) (S 81,27,33) (S 3,33,33) (S 89,33,27) (S 55,32,26) (S 22,26,26) (S 75,26,19) (D 0,1,1)
 0 1 4 112 230  16 (D 0,1,1) (S 4,16,16) (S 64,16,19) (S 13,19,19) (S 58,17,18) (S 21,18,18) (S 42,28,27) (S 27,18,22) (S 59,21,20) (S 31,27,26) (S 84,26,25) (S 20,25,25) (S 45,25,26) (S 30,25,24) (S 23,23,23) (D 0,1,1)
 0 1 5 105 226  19 (D 0,1,1) (S 69,22,28) (S 87,28,22) (S 68,22,21) (S 15,21,21) (S 67,21,27) (S 6,32,32) (S 33,32,31) (S 63,31,30) (S 35,16,17) (S 78,17,20) (S 90,20,17) (S 40,11,5) (S 60,5,11) (S 41,11,10) (S 49,10,4) (S 24,14,14) (S 48,14,9) (D 0,1,1)
 0 1 6 127 318  20 (D 0,1,1) (S 12,37,37) (S 25,36,36) (S 86,36,32) (S 32,39,38) (S 54,38,34) (S 38,35,39) (S 14,39,39) (S 50,39,35) (S 83,41,40) (S 85,40,41) (S 10,40,40) (S 73,39,36) (S 71,36,35) (S 57,31,35) (S 5,35,35) (S 70,35,34) (S 9,34,34) (S 79,34,29) (D 0,1,1)
