377
6
460697756
1747605739
 0 1 1 5 36  6 (D 0,1,1) (S 21,1,9) (S 2,9,9) (S 8,2,4) (S 3,4,4) (D 0,1,1)
 0 1 2 3 62  5 (D 0,1,1) (S 7,6,8) (S 5,10,10) (S 20,10,11) (D 0,1,1)
 0 1 3 3 53  5 (D 0,1,1) (S 10,1,2) (S 22,2,9) (S 14,9,10) (D 0,1,1)
 0 1 4 5 49  7 (D 0,1,1) (S 17,1,12) (S 18,6,12) (S 24,3,5) (S 6,5,5) (S 16,5,6) (D 0,1,1)
 0 1 5 5 80  6 (D 0,1,1) (S 23,1,7) (S 4,7,7) (S 11,6,7) (S 19,5,11) (D 0,1,1)
 0 1 6 5 97  7 (D 0,1,1) (S 15,7,8) (S 1,8,8) (S 9,8,11) (S 13,2,3) (S 12,3,4) (D 0,1,1)
