273
6
918185552
1747605745
 0 1 1 29 39  3 (D 0,1,1) (S 2,3,3) (D 0,1,1)
 0 1 2 26 41  6 (D 0,1,1) (S 8,1,8) (S 16,4,8) (S 27,2,7) (S 1,7,7) (D 0,1,1)
 0 1 3 17 43  7 (D 0,1,1) (S 23,1,5) (S 9,5,6) (S 6,2,2) (S 24,2,5) (S 13,5,7) (D 0,1,1)
 0 1 4 21 41  7 (D 0,1,1) (S 26,1,4) (S 14,4,6) (S 22,6,9) (S 11,7,3) (S 7,3,1) (D 0,1,1)
 0 1 5 28 50  7 (D 0,1,1) (S 21,1,6) (S 19,6,8) (S 17,6,7) (S 4,5,5) (S 15,5,8) (D 0,1,1)
 0 1 6 32 59  9 (D 0,1,1) (S 25,1,9) (S 18,2,8) (S 5,8,8) (S 10,9,4) (S 12,2,4) (S 3,4,4) (S 20,2,3) (D 0,1,1)
