276
9
851009418
1747958282
 0 1 1 25 22  3 (D 0,1,1) (S 3,4,4) (D 0,1,1)
 0 1 2 27 24  3 (D 0,1,1) (S 1,2,2) (D 0,1,1)
 0 1 3 27 20  4 (D 0,1,1) (S 7,4,8) (S 6,7,7) (D 0,1,1)
 0 1 4 16 9  3 (D 0,1,1) (S 36,2,8) (D 0,1,1)
 0 1 5 18 20  4 (D 0,1,1) (S 5,5,5) (S 9,5,7) (D 0,1,1)
 0 1 6 20 12  3 (D 0,1,1) (S 27,1,9) (D 0,1,1)
 0 1 7 25 25  5 (D 0,1,1) (S 4,6,6) (S 11,6,8) (S 23,2,11) (D 0,1,1)
 0 1 8 26 18  4 (D 0,1,1) (S 37,1,10) (S 10,7,2) (D 0,1,1)
 0 1 9 21 25  4 (D 0,1,1) (S 2,3,3) (S 29,3,10) (D 0,1,1)
