1335
6
683285303
1747605829
 0 1 1 89 173  11 (D 0,1,1) (S 95,7,13) (S 88,13,23) (S 24,25,24) (S 34,25,31) (S 27,31,32) (S 23,32,27) (S 53,32,26) (S 17,26,26) (S 76,26,19) (D 0,1,1)
 0 1 2 90 205  15 (D 0,1,1) (S 70,32,36) (S 16,36,36) (S 37,36,39) (S 75,39,36) (S 54,36,40) (S 87,40,41) (S 45,39,35) (S 71,35,34) (S 72,34,38) (S 50,38,34) (S 18,34,34) (S 84,34,35) (S 19,35,35) (D 0,1,1)
 0 1 3 99 189  16 (D 0,1,1) (S 51,23,13) (S 25,13,14) (S 96,14,23) (S 9,23,23) (S 22,23,24) (S 47,24,14) (S 52,15,25) (S 49,25,15) (S 43,16,11) (S 15,11,11) (S 36,11,5) (S 79,4,10) (S 35,15,10) (S 74,10,9) (D 0,1,1)
 0 1 4 107 215  21 (D 0,1,1) (S 28,16,17) (S 59,20,27) (S 86,27,20) (S 13,22,22) (S 69,22,21) (S 67,21,27) (S 85,27,33) (S 94,33,27) (S 93,1,7) (S 77,7,1) (S 4,3,3) (S 40,3,2) (S 32,2,8) (S 12,8,8) (S 78,8,9) (S 83,9,8) (S 41,2,3) (S 8,2,2) (S 66,2,1) (D 0,1,1)
 0 1 5 108 282  19 (D 0,1,1) (S 39,23,29) (S 29,29,30) (S 2,30,30) (S 58,24,30) (S 82,30,31) (S 55,31,35) (S 68,35,31) (S 62,31,30) (S 42,25,26) (S 80,26,32) (S 7,37,37) (S 30,37,33) (S 61,37,41) (S 14,41,41) (S 60,40,39) (S 65,39,40) (S 26,39,38) (D 0,1,1)
 0 1 6 134 271  26 (D 0,1,1) (S 46,10,4) (S 21,4,5) (S 6,10,10) (S 73,15,16) (S 90,16,15) (S 64,16,19) (S 33,19,20) (S 63,20,17) (S 81,17,20) (S 10,17,17) (S 48,17,11) (S 1,28,28) (S 91,28,22) (S 92,21,22) (S 57,21,20) (S 3,6,6) (S 20,12,12) (S 11,18,18) (S 89,18,17) (S 5,5,5) (S 56,5,11) (S 38,11,10) (S 31,15,14) (S 44,14,9) (D 0,1,1)
